8.2845E+01    -1.8246E+00   0.0000E+00    
8.3525E+01    -1.7250E+00   2.4952E+00    
8.5271E+01    -1.1632E+00   4.3217E+00    
8.7614E+01    -2.8964E-01   4.9903E+00    
8.9926E+01    6.6148E-01    4.3217E+00    
9.1588E+01    1.4354E+00    2.4952E+00    
9.2155E+01    1.8246E+00    -2.0471E-09   
9.1475E+01    1.7250E+00    -2.4952E+00   
8.9729E+01    1.1632E+00    -4.3217E+00   
8.7386E+01    2.8964E-01    -4.9903E+00   
8.5074E+01    -6.6148E-01   -4.3217E+00   
8.3412E+01    -1.4354E+00   -2.4952E+00   
8.1681E+01    -2.2808E+00   0.0000E+00    
8.2242E+01    -2.2309E+00   2.5372E+00    
8.3712E+01    -1.7952E+00   4.6357E+00    
8.5837E+01    -1.0491E+00   5.9326E+00    
8.8249E+01    -1.2166E-01   6.2037E+00    
9.0532E+01    8.2686E-01    5.4022E+00    
9.2291E+01    1.6324E+00    3.6665E+00    
9.3221E+01    2.1557E+00    1.2969E+00    
9.3162E+01    2.3062E+00    -1.2969E+00   
9.2124E+01    2.0580E+00    -3.6665E+00   
9.0287E+01    1.4539E+00    -5.4022E+00   
8.7967E+01    5.9848E-01    -6.2037E+00   
8.5567E+01    -3.6048E-01   -5.9326E+00   
8.3501E+01    -1.2571E+00   -4.6357E+00   
8.2126E+01    -1.9364E+00   -2.5372E+00   
8.0517E+01    -2.7370E+00   0.0000E+00    
8.0997E+01    -2.7205E+00   2.5602E+00    
8.2260E+01    -2.3759E+00   4.8116E+00    
8.4156E+01    -1.7447E+00   6.4826E+00    
8.6455E+01    -9.0313E-01   7.3717E+00    
8.8880E+01    4.7408E-02    7.3717E+00    
9.1139E+01    9.9223E-01    6.4826E+00    
9.2959E+01    1.8174E+00    4.8116E+00    
9.4120E+01    2.4233E+00    2.5602E+00    
9.4483E+01    2.7370E+00    -3.0706E-09   
9.4003E+01    2.7205E+00    -2.5602E+00   
9.2740E+01    2.3759E+00    -4.8116E+00   
9.0844E+01    1.7447E+00    -6.4826E+00   
8.8545E+01    9.0313E-01    -7.3717E+00   
8.6120E+01    -4.7408E-02   -7.3717E+00   
8.3861E+01    -9.9223E-01   -6.4826E+00   
8.2041E+01    -1.8174E+00   -4.8116E+00   
8.0880E+01    -2.4233E+00   -2.5602E+00   
7.9353E+01    -3.1931E+00   0.0000E+00    
7.9774E+01    -3.2007E+00   2.5741E+00    
8.0881E+01    -2.9238E+00   4.9195E+00    
8.2576E+01    -2.3872E+00   6.8278E+00    
8.4709E+01    -1.6384E+00   8.1294E+00    
8.7089E+01    -7.4408E-01   8.7086E+00    
8.9506E+01    2.1637E-01    8.5141E+00    
9.1745E+01    1.1576E+00    7.5630E+00    
9.3607E+01    1.9960E+00    5.9400E+00    
9.4926E+01    2.6570E+00    3.7891E+00    
9.5585E+01    3.0819E+00    1.3016E+00    
9.5526E+01    3.2330E+00    -1.3016E+00   
9.4754E+01    3.0968E+00    -3.7891E+00   
9.3337E+01    2.6855E+00    -5.9400E+00   
9.1401E+01    2.0355E+00    -7.5630E+00   
8.9119E+01    1.2047E+00    -8.5141E+00   
8.6693E+01    2.6683E-01    -8.7086E+00   
8.4339E+01    -6.9475E-01   -8.1294E+00   
8.2265E+01    -1.5946E+00   -6.8278E+00   
8.0657E+01    -2.3528E+00   -4.9195E+00   
7.9657E+01    -2.9019E+00   -2.5741E+00   
7.8190E+01    -3.6493E+00   0.0000E+00    
7.8566E+01    -3.6749E+00   2.5832E+00    
7.9551E+01    -3.4500E+00   4.9903E+00    
8.1077E+01    -2.9900E+00   7.0574E+00    
8.3041E+01    -2.3263E+00   8.6435E+00    
8.5310E+01    -1.5040E+00   9.6405E+00    
8.7727E+01    -5.7928E-01   9.9806E+00    
9.0129E+01    3.8496E-01    9.6405E+00    
9.2352E+01    1.3230E+00    8.6435E+00    
9.4244E+01    2.1708E+00    7.0574E+00    
9.5677E+01    2.8707E+00    4.9903E+00    
9.6552E+01    3.3750E+00    2.5832E+00    
9.6810E+01    3.6493E+00    -4.0941E-09   
9.6434E+01    3.6749E+00    -2.5832E+00   
9.5449E+01    3.4500E+00    -4.9903E+00   
9.3923E+01    2.9900E+00    -7.0574E+00   
9.1959E+01    2.3263E+00    -8.6435E+00   
8.9690E+01    1.5040E+00    -9.6405E+00   
8.7273E+01    5.7928E-01    -9.9806E+00   
8.4871E+01    -3.8496E-01   -9.6405E+00   
8.2648E+01    -1.3230E+00   -8.6435E+00   
8.0756E+01    -2.1708E+00   -7.0574E+00   
7.9323E+01    -2.8707E+00   -4.9903E+00   
7.8448E+01    -3.3750E+00   -2.5832E+00   
7.7026E+01    -4.1054E+00   0.0000E+00    
7.7367E+01    -4.1451E+00   2.5894E+00    
7.8255E+01    -3.9612E+00   5.0392E+00    
7.9641E+01    -3.5639E+00   7.2173E+00    
8.1450E+01    -2.9743E+00   9.0064E+00    
8.3586E+01    -2.2245E+00   1.0310E+01    
8.5933E+01    -1.3547E+00   1.1058E+01    
8.8364E+01    -4.1188E-01   1.1209E+01    
9.0749E+01    5.5314E-01    1.0757E+01    
9.2958E+01    1.4883E+00    9.7239E+00    
9.4874E+01    2.3433E+00    8.1671E+00    
9.6391E+01    3.0719E+00    6.1700E+00    
9.7430E+01    3.6350E+00    3.8403E+00    
9.7933E+01    4.0020E+00    1.3035E+00    
9.7874E+01    4.1533E+00    -1.3035E+00   
9.7255E+01    4.0807E+00    -3.8403E+00   
9.6111E+01    3.7882E+00    -6.1700E+00   
9.4502E+01    3.2914E+00    -8.1671E+00   
9.2516E+01    2.6171E+00    -9.7239E+00   
9.0259E+01    1.8018E+00    -1.0757E+01   
8.7854E+01    8.8930E-01    -1.1209E+01   
8.5430E+01    -7.1111E-02   -1.1058E+01   
8.3117E+01    -1.0277E+00   -1.0310E+01   
8.1040E+01    -1.9289E+00   -9.0064E+00   
7.9312E+01    -2.7261E+00   -7.2173E+00   
7.8025E+01    -3.3763E+00   -5.0392E+00   
7.7249E+01    -3.8445E+00   -2.5894E+00   
7.5862E+01    -4.5616E+00   0.0000E+00    
7.6175E+01    -4.6125E+00   2.5939E+00    
7.6984E+01    -4.4618E+00   5.0744E+00    
7.8252E+01    -4.1160E+00   7.3331E+00    
7.9924E+01    -3.5904E+00   9.2713E+00    
8.1927E+01    -2.9079E+00   1.0804E+01    
8.4174E+01    -2.0983E+00   1.1865E+01    
8.6566E+01    -1.1970E+00   1.2407E+01    
8.8999E+01    -2.4332E-01   1.2407E+01    
9.1366E+01    7.2095E-01    1.1865E+01    
9.3565E+01    1.6537E+00    1.0804E+01    
9.5498E+01    2.5142E+00    9.2713E+00    
9.7082E+01    3.2648E+00    7.3331E+00    
9.8247E+01    3.8727E+00    5.0744E+00    
9.8943E+01    4.3114E+00    2.5939E+00    
9.9138E+01    4.5616E+00    -5.1177E-09   
9.8825E+01    4.6125E+00    -2.5939E+00   
9.8016E+01    4.4618E+00    -5.0744E+00   
9.6748E+01    4.1160E+00    -7.3331E+00   
9.5076E+01    3.5904E+00    -9.2713E+00   
9.3073E+01    2.9079E+00    -1.0804E+01   
9.0826E+01    2.0983E+00    -1.1865E+01   
8.8434E+01    1.1970E+00    -1.2407E+01   
8.6001E+01    2.4332E-01    -1.2407E+01   
8.3634E+01    -7.2095E-01   -1.1865E+01   
8.1435E+01    -1.6537E+00   -1.0804E+01   
7.9502E+01    -2.5142E+00   -9.2713E+00   
7.7918E+01    -3.2648E+00   -7.3331E+00   
7.6753E+01    -3.8727E+00   -5.0744E+00   
7.6057E+01    -4.3114E+00   -2.5939E+00   
7.4698E+01    -5.0178E+00   0.0000E+00    
7.4989E+01    -5.0778E+00   2.5972E+00    
7.5731E+01    -4.9544E+00   5.1005E+00    
7.6899E+01    -4.6518E+00   7.4194E+00    
7.8450E+01    -4.1812E+00   9.4702E+00    
8.0329E+01    -3.5594E+00   1.1179E+01    
8.2466E+01    -2.8090E+00   1.2483E+01    
8.4785E+01    -1.9570E+00   1.3337E+01    
8.7203E+01    -1.0344E+00   1.3708E+01    
8.9631E+01    -7.4303E-02   1.3584E+01    
9.1982E+01    8.8845E-01    1.2969E+01    
9.4171E+01    1.8191E+00    1.1885E+01    
9.6119E+01    2.6840E+00    1.0371E+01    
9.7756E+01    3.4519E+00    8.4832E+00    
9.9022E+01    4.0950E+00    6.2884E+00    
9.9871E+01    4.5901E+00    3.8663E+00    
1.0027E+02    4.9193E+00    1.3045E+00    
1.0021E+02    5.0708E+00    -1.3045E+00   
9.9695E+01    5.0389E+00    -3.8663E+00   
9.8736E+01    4.8250E+00    -6.2884E+00   
9.7370E+01    4.4366E+00    -8.4832E+00   
9.5647E+01    3.8879E+00    -1.0371E+01   
9.3630E+01    3.1987E+00    -1.1885E+01   
9.1392E+01    2.3939E+00    -1.2969E+01   
8.9013E+01    1.5025E+00    -1.3584E+01   
8.6579E+01    5.5686E-01    -1.3708E+01   
8.4178E+01    -4.0892E-01   -1.3337E+01   
8.1898E+01    -1.3599E+00   -1.2483E+01   
7.9820E+01    -2.2618E+00   -1.1179E+01   
7.8020E+01    -3.0819E+00   -9.4702E+00   
7.6562E+01    -3.7906E+00   -7.4194E+00   
7.5499E+01    -4.3623E+00   -5.1005E+00   
7.4871E+01    -4.7763E+00   -2.5972E+00   
7.3534E+01    -5.4739E+00   0.0000E+00    
7.3806E+01    -5.5417E+00   2.5997E+00    
7.4493E+01    -5.4410E+00   5.1204E+00    
7.5576E+01    -5.1750E+00   7.4855E+00    
7.7021E+01    -4.7518E+00   9.6231E+00    
7.8784E+01    -4.1842E+00   1.1468E+01    
8.0812E+01    -3.4895E+00   1.2965E+01    
8.3044E+01    -2.6887E+00   1.4068E+01    
8.5410E+01    -1.8063E+00   1.4743E+01    
8.7841E+01    -8.6892E-01   1.4971E+01    
9.0260E+01    9.4815E-02    1.4743E+01    
9.2597E+01    1.0557E+00    1.4068E+01    
9.4778E+01    1.9845E+00    1.2965E+01    
9.6738E+01    2.8529E+00    1.1468E+01    
9.8417E+01    3.6347E+00    9.6231E+00    
9.9765E+01    4.3061E+00    7.4855E+00    
1.0074E+02    4.8466E+00    5.1204E+00    
1.0131E+02    5.2399E+00    2.5997E+00    
1.0147E+02    5.4739E+00    -6.1412E-09   
1.0119E+02    5.5417E+00    -2.5997E+00   
1.0051E+02    5.4410E+00    -5.1204E+00   
9.9424E+01    5.1750E+00    -7.4855E+00   
9.7979E+01    4.7518E+00    -9.6231E+00   
9.6216E+01    4.1842E+00    -1.1468E+01   
9.4188E+01    3.4895E+00    -1.2965E+01   
9.1956E+01    2.6887E+00    -1.4068E+01   
8.9590E+01    1.8063E+00    -1.4743E+01   
8.7159E+01    8.6892E-01    -1.4971E+01   
8.4740E+01    -9.4815E-02   -1.4743E+01   
8.2403E+01    -1.0557E+00   -1.4068E+01   
8.0222E+01    -1.9845E+00   -1.2965E+01   
7.8262E+01    -2.8529E+00   -1.1468E+01   
7.6583E+01    -3.6347E+00   -9.6231E+00   
7.5235E+01    -4.3061E+00   -7.4855E+00   
7.4260E+01    -4.8466E+00   -5.1204E+00   
7.3687E+01    -5.2399E+00   -2.5997E+00   
7.2371E+01    -5.9301E+00   0.0000E+00    
7.2626E+01    -6.0043E+00   2.6016E+00    
7.3266E+01    -5.9230E+00   5.1359E+00    
7.4275E+01    -5.6883E+00   7.5371E+00    
7.5627E+01    -5.3063E+00   9.7431E+00    
7.7286E+01    -4.7868E+00   1.1697E+01    
7.9209E+01    -4.1434E+00   1.3348E+01    
8.1348E+01    -3.3926E+00   1.4653E+01    
8.3645E+01    -2.5540E+00   1.5578E+01    
8.6043E+01    -1.6493E+00   1.6100E+01    
8.8478E+01    -7.0179E-01   1.6205E+01    
9.0888E+01    2.6386E-01    1.5891E+01    
9.3210E+01    1.2227E+00    1.5165E+01    
9.5384E+01    2.1498E+00    1.4046E+01    
9.7354E+01    3.0213E+00    1.2563E+01    
9.9069E+01    3.8145E+00    1.0755E+01    
1.0048E+02    4.5089E+00    8.6682E+00    
1.0156E+02    5.0866E+00    6.3571E+00    
1.0228E+02    5.5325E+00    3.8813E+00    
1.0261E+02    5.8351E+00    1.3050E+00    
1.0255E+02    5.9866E+00    -1.3050E+00   
1.0210E+02    5.9830E+00    -3.8813E+00   
1.0127E+02    5.8245E+00    -6.3571E+00   
1.0009E+02    5.5152E+00    -8.6682E+00   
9.8580E+01    5.0630E+00    -1.0755E+01   
9.6783E+01    4.4796E+00    -1.2563E+01   
9.4745E+01    3.7803E+00    -1.4046E+01   
9.2520E+01    2.9830E+00    -1.5165E+01   
9.0165E+01    2.1085E+00    -1.5891E+01   
8.7741E+01    1.1794E+00    -1.6205E+01   
8.5310E+01    2.1968E-01    -1.6100E+01   
8.2936E+01    -7.4569E-01   -1.5578E+01   
8.0681E+01    -1.6917E+00   -1.4653E+01   
7.8602E+01    -2.5940E+00   -1.3348E+01   
7.6753E+01    -3.4290E+00   -1.1697E+01   
7.5183E+01    -4.1753E+00   -9.7431E+00   
7.3932E+01    -4.8134E+00   -7.5371E+00   
7.3032E+01    -5.3268E+00   -5.1359E+00   
7.2507E+01    -5.7023E+00   -2.6016E+00   
7.1207E+01    -6.3862E+00   0.0000E+00    
7.1448E+01    -6.4660E+00   2.6032E+00    
7.2048E+01    -6.4013E+00   5.1482E+00    
7.2993E+01    -6.1937E+00   7.5783E+00    
7.4262E+01    -5.8476E+00   9.8390E+00    
7.5827E+01    -5.3710E+00   1.1880E+01    
7.7652E+01    -4.7743E+00   1.3656E+01    
7.9698E+01    -4.0711E+00   1.5126E+01    
8.1917E+01    -3.2768E+00   1.6259E+01    
8.4262E+01    -2.4094E+00   1.7028E+01    
8.6679E+01    -1.4882E+00   1.7417E+01    
8.9114E+01    -5.3366E-01   1.7417E+01    
9.1513E+01    4.3275E-01    1.7028E+01    
9.3822E+01    1.3895E+00    1.6259E+01    
9.5991E+01    2.3152E+00    1.5126E+01    
9.7969E+01    3.1892E+00    1.3656E+01    
9.9714E+01    3.9919E+00    1.1880E+01    
1.0119E+02    4.7055E+00    9.8390E+00    
1.0235E+02    5.3140E+00    7.5783E+00    
1.0319E+02    5.8037E+00    5.1482E+00    
1.0367E+02    6.1638E+00    2.6032E+00    
1.0379E+02    6.3862E+00    -7.1647E-09   
1.0355E+02    6.4660E+00    -2.6032E+00   
1.0295E+02    6.4013E+00    -5.1482E+00   
1.0201E+02    6.1937E+00    -7.5783E+00   
1.0074E+02    5.8476E+00    -9.8390E+00   
9.9173E+01    5.3710E+00    -1.1880E+01   
9.7348E+01    4.7743E+00    -1.3656E+01   
9.5302E+01    4.0711E+00    -1.5126E+01   
9.3083E+01    3.2768E+00    -1.6259E+01   
9.0738E+01    2.4094E+00    -1.7028E+01   
8.8321E+01    1.4882E+00    -1.7417E+01   
8.5886E+01    5.3366E-01    -1.7417E+01   
8.3487E+01    -4.3275E-01   -1.7028E+01   
8.1178E+01    -1.3895E+00   -1.6259E+01   
7.9009E+01    -2.3152E+00   -1.5126E+01   
7.7031E+01    -3.1892E+00   -1.3656E+01   
7.5286E+01    -3.9919E+00   -1.1880E+01   
7.3814E+01    -4.7055E+00   -9.8390E+00   
7.2648E+01    -5.3140E+00   -7.5783E+00   
7.1814E+01    -5.8037E+00   -5.1482E+00   
7.1330E+01    -6.1638E+00   -2.6032E+00   
-9.2155E+01   -1.8246E+00   0.0000E+00    
-9.0647E+01   -3.8360E+00   -6.1618E-01   
-8.8296E+01   -4.8195E+00   -1.0673E+00   
-8.5732E+01   -4.5116E+00   -1.2324E+00   
-8.3641E+01   -2.9948E+00   -1.0673E+00   
-8.2584E+01   -6.7560E-01   -6.1618E-01   
-8.2845E+01   1.8246E+00    5.0552E-10    
-8.4353E+01   3.8360E+00    6.1618E-01    
-8.6704E+01   4.8195E+00    1.0673E+00    
-8.9268E+01   4.5116E+00    1.2324E+00    
-9.1359E+01   2.9948E+00    1.0673E+00    
-9.2416E+01   6.7560E-01    6.1618E-01    
-9.3319E+01   -2.2808E+00   0.0000E+00    
-9.1917E+01   -4.3774E+00   -6.2655E-01   
-8.9751E+01   -5.7171E+00   -1.1448E+00   
-8.7196E+01   -6.0683E+00   -1.4650E+00   
-8.4693E+01   -5.3702E+00   -1.5320E+00   
-8.2676E+01   -3.7435E+00   -1.3341E+00   
-8.1493E+01   -1.4696E+00   -9.0545E-01   
-8.1349E+01   1.0585E+00    -3.2028E-01   
-8.2268E+01   3.4035E+00    3.2028E-01    
-8.4092E+01   5.1600E+00    9.0545E-01    
-8.6505E+01   6.0243E+00    1.3341E+00    
-8.9090E+01   5.8470E+00    1.5320E+00    
-9.1400E+01   4.6586E+00    1.4650E+00    
-9.3036E+01   2.6648E+00    1.1448E+00    
-9.3715E+01   2.1016E-01    6.2655E-01    
-9.4483E+01   -2.7370E+00   0.0000E+00    
-9.3154E+01   -4.8865E+00   -6.3224E-01   
-9.1144E+01   -6.4466E+00   -1.1882E+00   
-8.8694E+01   -7.2292E+00   -1.6009E+00   
-8.6100E+01   -7.1398E+00   -1.8204E+00   
-8.3675E+01   -6.1893E+00   -1.8204E+00   
-8.1711E+01   -4.4922E+00   -1.6009E+00   
-8.0446E+01   -2.2533E+00   -1.1882E+00   
-8.0031E+01   2.5733E-01    -6.3224E-01   
-8.0517E+01   2.7370E+00    7.5828E-10    
-8.1846E+01   4.8865E+00    6.3224E-01    
-8.3856E+01   6.4466E+00    1.1882E+00    
-8.6306E+01   7.2292E+00    1.6009E+00    
-8.8900E+01   7.1398E+00    1.8204E+00    
-9.1325E+01   6.1893E+00    1.8204E+00    
-9.3289E+01   4.4922E+00    1.6009E+00    
-9.4554E+01   2.2533E+00    1.1882E+00    
-9.4969E+01   -2.5733E-01   6.3224E-01    
-9.5647E+01   -3.1931E+00   0.0000E+00    
-9.4372E+01   -5.3784E+00   -6.3568E-01   
-9.2488E+01   -7.0858E+00   -1.2149E+00   
-9.0160E+01   -8.1636E+00   -1.6861E+00   
-8.7596E+01   -8.5161E+00   -2.0075E+00   
-8.5023E+01   -8.1118E+00   -2.1506E+00   
-8.2670E+01   -6.9868E+00   -2.1026E+00   
-8.0747E+01   -5.2409E+00   -1.8677E+00   
-7.9423E+01   -3.0294E+00   -1.4669E+00   
-7.8817E+01   -5.4871E-01   -9.3572E-01   
-7.8983E+01   1.9807E+00    -3.2143E-01   
-7.9906E+01   4.3342E+00    3.2143E-01    
-8.1503E+01   6.3025E+00    9.3572E-01    
-8.3633E+01   7.7109E+00    1.4669E+00    
-8.6107E+01   8.4340E+00    1.8677E+00    
-8.8704E+01   8.4078E+00    2.1026E+00    
-9.1195E+01   7.6345E+00    2.1506E+00    
-9.3357E+01   6.1829E+00    2.0075E+00    
-9.4999E+01   4.1819E+00    1.6861E+00    
-9.5974E+01   1.8093E+00    1.2149E+00    
-9.6197E+01   -7.2410E-01   6.3568E-01    
-9.6810E+01   -3.6493E+00   0.0000E+00    
-9.5578E+01   -5.8603E+00   -6.3791E-01   
-9.3795E+01   -7.6719E+00   -1.2324E+00   
-9.1583E+01   -8.9608E+00   -1.7428E+00   
-8.9092E+01   -9.6389E+00   -2.1345E+00   
-8.6494E+01   -9.6602E+00   -2.3807E+00   
-8.3963E+01   -9.0231E+00   -2.4647E+00   
-8.1674E+01   -7.7712E+00   -2.3807E+00   
-7.9782E+01   -5.9896E+00   -2.1345E+00   
-7.8416E+01   -3.7999E+00   -1.7428E+00   
-7.7669E+01   -1.3512E+00   -1.2324E+00   
-7.7592E+01   1.1896E+00    -6.3791E-01   
-7.8190E+01   3.6493E+00    1.0110E-09    
-7.9422E+01   5.8603E+00    6.3791E-01    
-8.1205E+01   7.6719E+00    1.2324E+00    
-8.3417E+01   8.9608E+00    1.7428E+00    
-8.5908E+01   9.6389E+00    2.1345E+00    
-8.8506E+01   9.6602E+00    2.3807E+00    
-9.1037E+01   9.0231E+00    2.4647E+00    
-9.3326E+01   7.7712E+00    2.3807E+00    
-9.5218E+01   5.9896E+00    2.1345E+00    
-9.6584E+01   3.7999E+00    1.7428E+00    
-9.7331E+01   1.3512E+00    1.2324E+00    
-9.7408E+01   -1.1896E+00   6.3791E-01    
-9.7974E+01   -4.1054E+00   0.0000E+00    
-9.6774E+01   -6.3358E+00   -6.3945E-01   
-9.5074E+01   -8.2245E+00   -1.2444E+00   
-9.2966E+01   -9.6699E+00   -1.7823E+00   
-9.0563E+01   -1.0594E+01   -2.2241E+00   
-8.7995E+01   -1.0947E+01   -2.5460E+00   
-8.5400E+01   -1.0710E+01   -2.7307E+00   
-8.2919E+01   -9.8951E+00   -2.7681E+00   
-8.0684E+01   -8.5471E+00   -2.6563E+00   
-7.8817E+01   -6.7383E+00   -2.4013E+00   
-7.7418E+01   -4.5663E+00   -2.0169E+00   
-7.6563E+01   -2.1480E+00   -1.5237E+00   
-7.6297E+01   3.8600E-01    -9.4835E-01   
-7.6635E+01   2.8992E+00    -3.2190E-01   
-7.7559E+01   5.2561E+00    3.2190E-01    
-7.9018E+01   7.3297E+00    9.4835E-01    
-8.0935E+01   9.0081E+00    1.5237E+00    
-8.3206E+01   1.0201E+01    2.0169E+00    
-8.5709E+01   1.0844E+01    2.4013E+00    
-8.8308E+01   1.0902E+01    2.6563E+00    
-9.0863E+01   1.0373E+01    2.7681E+00    
-9.3237E+01   9.2839E+00    2.7307E+00    
-9.5302E+01   7.6948E+00    2.5460E+00    
-9.6946E+01   5.6908E+00    2.2241E+00    
-9.8081E+01   3.3800E+00    1.7823E+00    
-9.8646E+01   8.8701E-01    1.2444E+00    
-9.8609E+01   -1.6538E+00   6.3945E-01    
-9.9138E+01   -4.5616E+00   0.0000E+00    
-9.7964E+01   -6.8069E+00   -6.4055E-01   
-9.6334E+01   -8.7548E+00   -1.2531E+00   
-9.4317E+01   -1.0320E+01   -1.8109E+00   
-9.2002E+01   -1.1434E+01   -2.2895E+00   
-8.9490E+01   -1.2049E+01   -2.6681E+00   
-8.6892E+01   -1.2137E+01   -2.9301E+00   
-8.4320E+01   -1.1694E+01   -3.0640E+00   
-8.1887E+01   -1.0740E+01   -3.0640E+00   
-7.9699E+01   -9.3173E+00   -2.9301E+00   
-7.7852E+01   -7.4870E+00   -2.6681E+00   
-7.6427E+01   -5.3296E+00   -2.2895E+00   
-7.5486E+01   -2.9392E+00   -1.8109E+00   
-7.5070E+01   -4.2032E-01   -1.2531E+00   
-7.5197E+01   2.1169E+00    -6.4055E-01   
-7.5862E+01   4.5616E+00    1.2638E-09    
-7.7036E+01   6.8069E+00    6.4055E-01    
-7.8666E+01   8.7548E+00    1.2531E+00    
-8.0683E+01   1.0320E+01    1.8109E+00    
-8.2998E+01   1.1434E+01    2.2895E+00    
-8.5510E+01   1.2049E+01    2.6681E+00    
-8.8108E+01   1.2137E+01    2.9301E+00    
-9.0680E+01   1.1694E+01    3.0640E+00    
-9.3113E+01   1.0740E+01    3.0640E+00    
-9.5301E+01   9.3173E+00    2.9301E+00    
-9.7148E+01   7.4870E+00    2.6681E+00    
-9.8573E+01   5.3296E+00    2.2895E+00    
-9.9514E+01   2.9392E+00    1.8109E+00    
-9.9930E+01   4.2032E-01    1.2531E+00    
-9.9803E+01   -2.1169E+00   6.4055E-01    
-1.0030E+02   -5.0178E+00   0.0000E+00    
-9.9150E+01   -7.2751E+00   -6.4137E-01   
-9.7577E+01   -9.2695E+00   -1.2596E+00   
-9.5640E+01   -1.0929E+01   -1.8322E+00   
-9.3409E+01   -1.2193E+01   -2.3387E+00   
-9.0964E+01   -1.3017E+01   -2.7606E+00   
-8.8395E+01   -1.3370E+01   -3.0827E+00   
-8.5792E+01   -1.3240E+01   -3.2934E+00   
-8.3252E+01   -1.2632E+01   -3.3851E+00   
-8.0865E+01   -1.1566E+01   -3.3545E+00   
-7.8717E+01   -1.0083E+01   -3.2026E+00   
-7.6888E+01   -8.2357E+00   -2.9349E+00   
-7.5441E+01   -6.0905E+00   -2.5612E+00   
-7.4431E+01   -3.7251E+00   -2.0949E+00   
-7.3893E+01   -1.2252E+00   -1.5529E+00   
-7.3847E+01   1.3191E+00    -9.5479E-01   
-7.4294E+01   3.8157E+00    -3.2214E-01   
-7.5218E+01   6.1744E+00    3.2214E-01    
-7.6587E+01   8.3099E+00    9.5479E-01    
-7.8350E+01   1.0145E+01    1.5529E+00    
-8.0443E+01   1.1614E+01    2.0949E+00    
-8.2792E+01   1.2662E+01    2.5612E+00    
-8.5311E+01   1.3253E+01    2.9349E+00    
-8.7908E+01   1.3366E+01    3.2026E+00    
-9.0492E+01   1.2995E+01    3.3545E+00    
-9.2967E+01   1.2154E+01    3.3851E+00    
-9.5244E+01   1.0874E+01    3.2934E+00    
-9.7242E+01   9.2012E+00    3.0827E+00    
-9.8887E+01   7.1957E+00    2.7606E+00    
-1.0012E+02   4.9302E+00    2.3387E+00    
-1.0090E+02   2.4864E+00    1.8322E+00    
-1.0119E+02   -4.7188E-02   1.2596E+00    
-1.0099E+02   -2.5791E+00   6.4137E-01    
-1.0147E+02   -5.4739E+00   0.0000E+00    
-1.0033E+02   -7.7410E+00   -6.4199E-01   
-9.8809E+01   -9.7729E+00   -1.2645E+00   
-9.6942E+01   -1.1508E+01   -1.8485E+00   
-9.4788E+01   -1.2893E+01   -2.3764E+00   
-9.2413E+01   -1.3887E+01   -2.8321E+00   
-8.9888E+01   -1.4458E+01   -3.2018E+00   
-8.7291E+01   -1.4591E+01   -3.4741E+00   
-8.4701E+01   -1.4280E+01   -3.6409E+00   
-8.2195E+01   -1.3535E+01   -3.6971E+00   
-7.9850E+01   -1.2379E+01   -3.6409E+00   
-7.7738E+01   -1.0846E+01   -3.4741E+00   
-7.5923E+01   -8.9844E+00   -3.2018E+00   
-7.4459E+01   -6.8496E+00   -2.8321E+00   
-7.3392E+01   -4.5067E+00   -2.3764E+00   
-7.2753E+01   -2.0268E+00   -1.8485E+00   
-7.2562E+01   5.1467E-01    -1.2645E+00   
-7.2825E+01   3.0405E+00    -6.4199E-01   
-7.3534E+01   5.4739E+00    1.5166E-09    
-7.4668E+01   7.7410E+00    6.4199E-01    
-7.6191E+01   9.7729E+00    1.2645E+00    
-7.8058E+01   1.1508E+01    1.8485E+00    
-8.0212E+01   1.2893E+01    2.3764E+00    
-8.2587E+01   1.3887E+01    2.8321E+00    
-8.5112E+01   1.4458E+01    3.2018E+00    
-8.7709E+01   1.4591E+01    3.4741E+00    
-9.0299E+01   1.4280E+01    3.6409E+00    
-9.2805E+01   1.3535E+01    3.6971E+00    
-9.5150E+01   1.2379E+01    3.6409E+00    
-9.7262E+01   1.0846E+01    3.4741E+00    
-9.9077E+01   8.9844E+00    3.2018E+00    
-1.0054E+02   6.8496E+00    2.8321E+00    
-1.0161E+02   4.5067E+00    2.3764E+00    
-1.0225E+02   2.0268E+00    1.8485E+00    
-1.0244E+02   -5.1467E-01   1.2645E+00    
-1.0217E+02   -3.0405E+00   6.4199E-01    
-1.0263E+02   -5.9301E+00   0.0000E+00    
-1.0151E+02   -8.2053E+00   -6.4247E-01   
-1.0003E+02   -1.0268E+01   -1.2683E+00   
-9.8226E+01   -1.2065E+01   -1.8613E+00   
-9.6142E+01   -1.3549E+01   -2.4061E+00   
-9.3836E+01   -1.4683E+01   -2.8885E+00   
-9.1365E+01   -1.5436E+01   -3.2962E+00   
-8.8794E+01   -1.5789E+01   -3.6185E+00   
-8.6189E+01   -1.5734E+01   -3.8470E+00   
-8.3618E+01   -1.5270E+01   -3.9760E+00   
-8.1148E+01   -1.4412E+01   -4.0019E+00   
-7.8843E+01   -1.3180E+01   -3.9242E+00   
-7.6761E+01   -1.1607E+01   -3.7449E+00   
-7.4958E+01   -9.7331E+00   -3.4686E+00   
-7.3480E+01   -7.6073E+00   -3.1024E+00   
-7.2364E+01   -5.2844E+00   -2.6559E+00   
-7.1641E+01   -2.8246E+00   -2.1406E+00   
-7.1329E+01   -2.9169E-01   -1.5699E+00   
-7.1435E+01   2.2488E+00    -9.5850E-01   
-7.1957E+01   4.7310E+00    -3.2228E-01   
-7.2882E+01   7.0907E+00    3.2228E-01    
-7.4186E+01   9.2668E+00    9.5850E-01    
-7.5834E+01   1.1203E+01    1.5699E+00    
-7.7784E+01   1.2849E+01    2.1406E+00    
-7.9987E+01   1.4162E+01    2.6559E+00    
-8.2383E+01   1.5108E+01    3.1024E+00    
-8.4913E+01   1.5663E+01    3.4686E+00    
-8.7509E+01   1.5813E+01    3.7449E+00    
-9.0105E+01   1.5552E+01    3.9242E+00    
-9.2633E+01   1.4889E+01    4.0019E+00    
-9.5029E+01   1.3841E+01    3.9760E+00    
-9.7229E+01   1.2434E+01    3.8470E+00    
-9.9178E+01   1.0705E+01    3.6185E+00    
-1.0082E+02   8.6984E+00    3.2962E+00    
-1.0213E+02   6.4668E+00    2.8885E+00    
-1.0305E+02   4.0677E+00    2.4061E+00    
-1.0357E+02   1.5632E+00    1.8613E+00    
-1.0367E+02   -9.8173E-01   1.2683E+00    
-1.0336E+02   -3.5012E+00   6.4247E-01    
-1.0379E+02   -6.3862E+00   0.0000E+00    
-1.0269E+02   -8.6684E+00   -6.4286E-01   
-1.0124E+02   -1.0757E+01   -1.2714E+00   
-9.9494E+01   -1.2605E+01   -1.8714E+00   
-9.7475E+01   -1.4172E+01   -2.4297E+00   
-9.5234E+01   -1.5422E+01   -2.9338E+00   
-9.2820E+01   -1.6327E+01   -3.3722E+00   
-9.0287E+01   -1.6868E+01   -3.7354E+00   
-8.7691E+01   -1.7032E+01   -4.0151E+00   
-8.5092E+01   -1.6816E+01   -4.2051E+00   
-8.2546E+01   -1.6224E+01   -4.3012E+00   
-8.0110E+01   -1.5269E+01   -4.3012E+00   
-7.7840E+01   -1.3974E+01   -4.2051E+00   
-7.5786E+01   -1.2366E+01   -4.0151E+00   
-7.3993E+01   -1.0482E+01   -3.7354E+00   
-7.2502E+01   -8.3637E+00   -3.3722E+00   
-7.1347E+01   -6.0588E+00   -2.9338E+00   
-7.0551E+01   -3.6185E+00   -2.4297E+00   
-7.0135E+01   -1.0974E+00   -1.8714E+00   
-7.0106E+01   1.4482E+00    -1.2714E+00   
-7.0466E+01   3.9615E+00    -6.4286E-01   
-7.1207E+01   6.3862E+00    1.7693E-09    
-7.2311E+01   8.6684E+00    6.4286E-01    
-7.3755E+01   1.0757E+01    1.2714E+00    
-7.5506E+01   1.2605E+01    1.8714E+00    
-7.7525E+01   1.4172E+01    2.4297E+00    
-7.9766E+01   1.5422E+01    2.9338E+00    
-8.2180E+01   1.6327E+01    3.3722E+00    
-8.4713E+01   1.6868E+01    3.7354E+00    
-8.7309E+01   1.7032E+01    4.0151E+00    
-8.9908E+01   1.6816E+01    4.2051E+00    
-9.2454E+01   1.6224E+01    4.3012E+00    
-9.4890E+01   1.5269E+01    4.3012E+00    
-9.7160E+01   1.3974E+01    4.2051E+00    
-9.9214E+01   1.2366E+01    4.0151E+00    
-1.0101E+02   1.0482E+01    3.7354E+00    
-1.0250E+02   8.3637E+00    3.3722E+00    
-1.0365E+02   6.0588E+00    2.9338E+00    
-1.0445E+02   3.6185E+00    2.4297E+00    
-1.0487E+02   1.0974E+00    1.8714E+00    
-1.0489E+02   -1.4482E+00   1.2714E+00    
-1.0453E+02   -3.9615E+00   6.4286E-01    
8.7500E+01    0.0000E+00    0.0000E+00    
-8.7500E+01   -0.0000E+00   -0.0000E+00   
