8.2845E+01    -1.8246E+00   0.0000E+00    6.8004E-09    4.2599E-08    2.9892E-07    
8.3525E+01    -1.7250E+00   2.4952E+00    1.4531E-07    9.9572E-08    2.5888E-07    
8.5271E+01    -1.1632E+00   4.3217E+00    2.4489E-07    1.4593E-07    1.4946E-07    
8.7614E+01    -2.8964E-01   4.9903E+00    2.7885E-07    1.6925E-07    -6.1310E-17   
8.9926E+01    6.6148E-01    4.3217E+00    2.3809E-07    1.6328E-07    -1.4946E-07   
9.1588E+01    1.4354E+00    2.4952E+00    1.3354E-07    1.2962E-07    -2.5888E-07   
9.2155E+01    1.8246E+00    -2.0471E-09   -6.8004E-09   7.7299E-08    -2.9892E-07   
9.1475E+01    1.7250E+00    -2.4952E+00   -1.4531E-07   2.0325E-08    -2.5888E-07   
8.9729E+01    1.1632E+00    -4.3217E+00   -2.4489E-07   -2.6031E-08   -1.4946E-07   
8.7386E+01    2.8964E-01    -4.9903E+00   -2.7885E-07   -4.9349E-08   1.8393E-16    
8.5074E+01    -6.6148E-01   -4.3217E+00   -2.3809E-07   -4.3381E-08   1.4946E-07    
8.3412E+01    -1.4354E+00   -2.4952E+00   -1.3354E-07   -9.7254E-09   2.5888E-07    
8.1681E+01    -2.2808E+00   0.0000E+00    6.0842E-09    4.4426E-08    2.6744E-07    
8.2242E+01    -2.2309E+00   2.5372E+00    1.0703E-07    8.5542E-08    2.4432E-07    
8.3712E+01    -1.7952E+00   4.6357E+00    1.8947E-07    1.2223E-07    1.7895E-07    
8.5837E+01    -1.0491E+00   5.9326E+00    2.3915E-07    1.4815E-07    8.2644E-08    
8.8249E+01    -1.2166E-01   6.2037E+00    2.4748E-07    1.5882E-07    -2.7955E-08   
9.0532E+01    8.2686E-01    5.4022E+00    2.1302E-07    1.5240E-07    -1.3372E-07   
9.2291E+01    1.6324E+00    3.6665E+00    1.4172E-07    1.2998E-07    -2.1637E-07   
9.3221E+01    2.1557E+00    1.2969E+00    4.5919E-08    9.5463E-08    -2.6160E-07   
9.3162E+01    2.3062E+00    -1.2969E+00   -5.7821E-08   5.4801E-08    -2.6160E-07   
9.2124E+01    2.0580E+00    -3.6665E+00   -1.5156E-07   1.5029E-08    -2.1637E-07   
9.0287E+01    1.4539E+00    -5.4022E+00   -2.1910E-07   -1.6976E-08   -1.3372E-07   
8.7967E+01    5.9848E-01    -6.2037E+00   -2.4875E-07   -3.5680E-08   -2.7955E-08   
8.5567E+01    -3.6048E-01   -5.9326E+00   -2.3539E-07   -3.7849E-08   8.2644E-08    
8.3501E+01    -1.2571E+00   -4.6357E+00   -1.8133E-07   -2.3108E-08   1.7895E-07    
8.2126E+01    -1.9364E+00   -2.5372E+00   -9.5915E-08   5.9947E-09    2.4432E-07    
8.0517E+01    -2.7370E+00   0.0000E+00    5.5550E-09    4.5776E-08    2.4418E-07    
8.0997E+01    -2.7205E+00   2.5602E+00    8.3125E-08    7.7167E-08    2.2945E-07    
8.2260E+01    -2.3759E+00   4.8116E+00    1.5067E-07    1.0648E-07    1.8705E-07    
8.4156E+01    -1.7447E+00   6.4826E+00    2.0004E-07    1.3018E-07    1.2209E-07    
8.6455E+01    -9.0313E-01   7.3717E+00    2.2528E-07    1.4541E-07    4.2401E-08    
8.8880E+01    4.7408E-02    7.3717E+00    2.2336E-07    1.5033E-07    -4.2401E-08   
9.1139E+01    9.9223E-01    6.4826E+00    1.9449E-07    1.4435E-07    -1.2209E-07   
9.2959E+01    1.8174E+00    4.8116E+00    1.4216E-07    1.2819E-07    -1.8705E-07   
9.4120E+01    2.4233E+00    2.5602E+00    7.2686E-08    1.0380E-07    -2.2945E-07   
9.4483E+01    2.7370E+00    -3.0706E-09   -5.5550E-09   7.4121E-08    -2.4418E-07   
9.4003E+01    2.7205E+00    -2.5602E+00   -8.3125E-08   4.2731E-08    -2.2945E-07   
9.2740E+01    2.3759E+00    -4.8116E+00   -1.5067E-07   1.3417E-08    -1.8705E-07   
9.0844E+01    1.7447E+00    -6.4826E+00   -2.0004E-07   -1.0284E-08   -1.2209E-07   
8.8545E+01    9.0313E-01    -7.3717E+00   -2.2528E-07   -2.5515E-08   -4.2401E-08   
8.6120E+01    -4.7408E-02   -7.3717E+00   -2.2336E-07   -3.0437E-08   4.2401E-08    
8.3861E+01    -9.9223E-01   -6.4826E+00   -1.9449E-07   -2.4457E-08   1.2209E-07    
8.2041E+01    -1.8174E+00   -4.8116E+00   -1.4216E-07   -8.2964E-09   1.8705E-07    
8.0880E+01    -2.4233E+00   -2.5602E+00   -7.2686E-08   1.6095E-08    2.2945E-07    
7.9353E+01    -3.1931E+00   0.0000E+00    5.1434E-09    4.6827E-08    2.2609E-07    
7.9774E+01    -3.2007E+00   2.5741E+00    6.7080E-08    7.1776E-08    2.1604E-07    
8.0881E+01    -2.9238E+00   4.9195E+00    1.2306E-07    9.5674E-08    1.8680E-07    
8.2576E+01    -2.3872E+00   6.8278E+00    1.6810E-07    1.1640E-07    1.4096E-07    
8.4709E+01    -1.6384E+00   8.1294E+00    1.9820E-07    1.3211E-07    8.2599E-08    
8.7089E+01    -7.4408E-01   8.7086E+00    2.1070E-07    1.4140E-07    1.6896E-08    
8.9506E+01    2.1637E-01    8.5141E+00    2.0447E-07    1.4346E-07    -5.0309E-08   
9.1745E+01    1.1576E+00    7.5630E+00    1.8008E-07    1.3810E-07    -1.1304E-07   
9.3607E+01    1.9960E+00    5.9400E+00    1.3968E-07    1.2580E-07    -1.6573E-07   
9.4926E+01    2.6570E+00    3.7891E+00    8.6874E-08    1.0764E-07    -2.0370E-07   
9.5585E+01    3.0819E+00    1.3016E+00    2.6348E-08    8.5245E-08    -2.2356E-07   
9.5526E+01    3.2330E+00    -1.3016E+00   -3.6520E-08   6.0604E-08    -2.2356E-07   
9.4754E+01    3.0968E+00    -3.7891E+00   -9.6142E-08   3.5904E-08    -2.0370E-07   
9.3337E+01    2.6855E+00    -5.9400E+00   -1.4722E-07   1.3341E-08    -1.6573E-07   
9.1401E+01    2.0355E+00    -7.5630E+00   -1.8522E-07   -5.0807E-09   -1.1304E-07   
8.9119E+01    1.2047E+00    -8.5141E+00   -2.0676E-07   -1.7724E-08   -5.0309E-08   
8.6693E+01    2.6683E-01    -8.7086E+00   -2.0993E-07   -2.3466E-08   1.6896E-08    
8.4339E+01    -6.9475E-01   -8.1294E+00   -1.9445E-07   -2.1797E-08   8.2599E-08    
8.2265E+01    -1.5946E+00   -6.8278E+00   -1.6168E-07   -1.2863E-08   1.4096E-07    
8.0657E+01    -2.3528E+00   -4.9195E+00   -1.1456E-07   2.5394E-09    1.8680E-07    
7.9657E+01    -2.9019E+00   -2.5741E+00   -5.7250E-08   2.3043E-08    2.1604E-07    
7.8190E+01    -3.6493E+00   0.0000E+00    4.8115E-09    4.7673E-08    2.1150E-07    
7.8566E+01    -3.6749E+00   2.5832E+00    5.5711E-08    6.8106E-08    2.0429E-07    
7.9551E+01    -3.4500E+00   4.9903E+00    1.0281E-07    8.7984E-08    1.8316E-07    
8.1077E+01    -2.9900E+00   7.0574E+00    1.4291E-07    1.0595E-07    1.4955E-07    
8.3041E+01    -2.3263E+00   8.6435E+00    1.7327E-07    1.2078E-07    1.0575E-07    
8.5310E+01    -1.5040E+00   9.6405E+00    1.9182E-07    1.3147E-07    5.4740E-08    
8.7727E+01    -5.7928E-01   9.9806E+00    1.9729E-07    1.3728E-07    -4.3379E-17   
9.0129E+01    3.8496E-01    9.6405E+00    1.8933E-07    1.3782E-07    -5.4740E-08   
9.2352E+01    1.3230E+00    8.6435E+00    1.6846E-07    1.3306E-07    -1.0575E-07   
9.4244E+01    2.1708E+00    7.0574E+00    1.3611E-07    1.2331E-07    -1.4955E-07   
9.5677E+01    2.8707E+00    4.9903E+00    9.4480E-08    1.0925E-07    -1.8316E-07   
9.6552E+01    3.3750E+00    2.5832E+00    4.6416E-08    9.1821E-08    -2.0429E-07   
9.6810E+01    3.6493E+00    -4.0941E-09   -4.8115E-09   7.2224E-08    -2.1150E-07   
9.6434E+01    3.6749E+00    -2.5832E+00   -5.5711E-08   5.1791E-08    -2.0429E-07   
9.5449E+01    3.4500E+00    -4.9903E+00   -1.0281E-07   3.1914E-08    -1.8316E-07   
9.3923E+01    2.9900E+00    -7.0574E+00   -1.4291E-07   1.3947E-08    -1.4955E-07   
9.1959E+01    2.3263E+00    -8.6435E+00   -1.7327E-07   -8.8448E-10   -1.0575E-07   
8.9690E+01    1.5040E+00    -9.6405E+00   -1.9182E-07   -1.1571E-08   -5.4740E-08   
8.7273E+01    5.7928E-01    -9.9806E+00   -1.9729E-07   -1.7383E-08   1.3014E-16    
8.4871E+01    -3.8496E-01   -9.6405E+00   -1.8933E-07   -1.7925E-08   5.4740E-08    
8.2648E+01    -1.3230E+00   -8.6435E+00   -1.6846E-07   -1.3160E-08   1.0575E-07    
8.0756E+01    -2.1708E+00   -7.0574E+00   -1.3611E-07   -3.4129E-09   1.4955E-07    
7.9323E+01    -2.8707E+00   -4.9903E+00   -9.4480E-08   1.0652E-08    1.8316E-07    
7.8448E+01    -3.3750E+00   -2.5832E+00   -4.6416E-08   2.8077E-08    2.0429E-07    
7.7026E+01    -4.1054E+00   0.0000E+00    4.5365E-09    4.8375E-08    1.9941E-07    
7.7367E+01    -4.1451E+00   2.5894E+00    4.7313E-08    6.5501E-08    1.9404E-07    
7.8255E+01    -3.9612E+00   5.0392E+00    8.7539E-08    8.2329E-08    1.7820E-07    
7.9641E+01    -3.5639E+00   7.2173E+00    1.2305E-07    9.7949E-08    1.5276E-07    
8.1450E+01    -2.9743E+00   9.0064E+00    1.5192E-07    1.1152E-07    1.1908E-07    
8.3586E+01    -2.2245E+00   1.0310E+01    1.7260E-07    1.2231E-07    7.8982E-08    
8.5933E+01    -1.3547E+00   1.1058E+01    1.8398E-07    1.2974E-07    3.4627E-08    
8.8364E+01    -4.1188E-01   1.1209E+01    1.8544E-07    1.3341E-07    -1.1595E-08   
9.0749E+01    5.5314E-01    1.0757E+01    1.7690E-07    1.3312E-07    -5.7192E-08   
9.2958E+01    1.4883E+00    9.7239E+00    1.5883E-07    1.2888E-07    -9.9705E-08   
9.4874E+01    2.3433E+00    8.1671E+00    1.3219E-07    1.2093E-07    -1.3684E-07   
9.6391E+01    3.0719E+00    6.1700E+00    9.8429E-08    1.0968E-07    -1.6661E-07   
9.7430E+01    3.6350E+00    3.8403E+00    5.9359E-08    9.5762E-08    -1.8738E-07   
9.7933E+01    4.0020E+00    1.3035E+00    1.7090E-08    7.9909E-08    -1.9806E-07   
9.7874E+01    4.1533E+00    -1.3035E+00   -2.6101E-08   6.2980E-08    -1.9806E-07   
9.7255E+01    4.0807E+00    -3.8403E+00   -6.7885E-08   4.5887E-08    -1.8738E-07   
9.6111E+01    3.7882E+00    -6.1700E+00   -1.0601E-07   2.9553E-08    -1.6661E-07   
9.4502E+01    3.2914E+00    -8.1671E+00   -1.3842E-07   1.4857E-08    -1.3684E-07   
9.2516E+01    2.6171E+00    -9.7239E+00   -1.6337E-07   2.5922E-09    -9.9705E-08   
9.0259E+01    1.8018E+00    -1.0757E+01   -1.7951E-07   -6.5806E-09   -5.7192E-08   
8.7854E+01    8.8930E-01    -1.1209E+01   -1.8597E-07   -1.2167E-08   -1.1595E-08   
8.5430E+01    -7.1111E-02   -1.1058E+01   -1.8240E-07   -1.3865E-08   3.4627E-08    
8.3117E+01    -1.0277E+00   -1.0310E+01   -1.6901E-07   -1.1584E-08   7.8982E-08    
8.1040E+01    -1.9289E+00   -9.0064E+00   -1.4650E-07   -5.4470E-09   1.1908E-07    
7.9312E+01    -2.7261E+00   -7.2173E+00   -1.1610E-07   4.2158E-09    1.5276E-07    
7.8025E+01    -3.3763E+00   -5.0392E+00   -7.9431E-08   1.6883E-08    1.7820E-07    
7.7249E+01    -3.8445E+00   -2.5894E+00   -3.8485E-08   3.1872E-08    1.9404E-07    
7.5862E+01    -4.5616E+00   0.0000E+00    4.3038E-09    4.8968E-08    1.8918E-07    
7.6175E+01    -4.6125E+00   2.5939E+00    4.0902E-08    6.3590E-08    1.8505E-07    
7.6984E+01    -4.4618E+00   5.0744E+00    7.5712E-08    7.8053E-08    1.7283E-07    
7.8252E+01    -4.1160E+00   7.3331E+00    1.0721E-07    9.1724E-08    1.5305E-07    
7.9924E+01    -3.5904E+00   9.2713E+00    1.3403E-07    1.0401E-07    1.2659E-07    
8.1927E+01    -2.9079E+00   1.0804E+01    1.5499E-07    1.1436E-07    9.4592E-08    
8.4174E+01    -2.0983E+00   1.1865E+01    1.6917E-07    1.2234E-07    5.8461E-08    
8.6566E+01    -1.1970E+00   1.2407E+01    1.7596E-07    1.2759E-07    1.9775E-08    
8.8999E+01    -2.4332E-01   1.2407E+01    1.7506E-07    1.2989E-07    -1.9775E-08   
9.1366E+01    7.2095E-01    1.1865E+01    1.6651E-07    1.2913E-07    -5.8461E-08   
9.3565E+01    1.6537E+00    1.0804E+01    1.5068E-07    1.2534E-07    -9.4592E-08   
9.5498E+01    2.5142E+00    9.2713E+00    1.2827E-07    1.1870E-07    -1.2659E-07   
9.7082E+01    3.2648E+00    7.3331E+00    1.0025E-07    1.0949E-07    -1.5305E-07   
9.8247E+01    3.8727E+00    5.0744E+00    6.7848E-08    9.8115E-08    -1.7283E-07   
9.8943E+01    4.3114E+00    2.5939E+00    3.2482E-08    8.5071E-08    -1.8505E-07   
9.9138E+01    4.5616E+00    -5.1177E-09   -4.3038E-09   7.0929E-08    -1.8918E-07   
9.8825E+01    4.6125E+00    -2.5939E+00   -4.0902E-08   5.6307E-08    -1.8505E-07   
9.8016E+01    4.4618E+00    -5.0744E+00   -7.5712E-08   4.1845E-08    -1.7283E-07   
9.6748E+01    4.1160E+00    -7.3331E+00   -1.0721E-07   2.8174E-08    -1.5305E-07   
9.5076E+01    3.5904E+00    -9.2713E+00   -1.3403E-07   1.5891E-08    -1.2659E-07   
9.3073E+01    2.9079E+00    -1.0804E+01   -1.5499E-07   5.5339E-09    -9.4592E-08   
9.0826E+01    2.0983E+00    -1.1865E+01   -1.6917E-07   -2.4449E-09   -5.8461E-08   
8.8434E+01    1.1970E+00    -1.2407E+01   -1.7596E-07   -7.6969E-09   -1.9775E-08   
8.6001E+01    2.4332E-01    -1.2407E+01   -1.7506E-07   -9.9924E-09   1.9775E-08    
8.3634E+01    -7.2095E-01   -1.1865E+01   -1.6651E-07   -9.2311E-09   5.8461E-08    
8.1435E+01    -1.6537E+00   -1.0804E+01   -1.5068E-07   -5.4464E-09   9.4592E-08    
7.9502E+01    -2.5142E+00   -9.2713E+00   -1.2827E-07   1.1965E-09    1.2659E-07    
7.7918E+01    -3.2648E+00   -7.3331E+00   -1.0025E-07   1.0407E-08    1.5305E-07    
7.6753E+01    -3.8727E+00   -5.0744E+00   -6.7848E-08   2.1783E-08    1.7283E-07    
7.6057E+01    -4.3114E+00   -2.5939E+00   -3.2482E-08   3.4827E-08    1.8505E-07    
7.4698E+01    -5.0178E+00   0.0000E+00    4.1036E-09    4.9479E-08    1.8038E-07    
7.4989E+01    -5.0778E+00   2.5972E+00    3.5875E-08    6.2150E-08    1.7712E-07    
7.5731E+01    -4.9544E+00   5.1005E+00    6.6349E-08    7.4742E-08    1.6746E-07    
7.6899E+01    -4.6518E+00   7.4194E+00    9.4425E-08    8.6799E-08    1.5175E-07    
7.8450E+01    -4.1812E+00   9.4702E+00    1.1909E-07    9.7886E-08    1.3055E-07    
8.0329E+01    -3.5594E+00   1.1179E+01    1.3945E-07    1.0760E-07    1.0463E-07    
8.2466E+01    -2.8090E+00   1.2483E+01    1.5477E-07    1.1559E-07    7.4934E-08    
8.4785E+01    -1.9570E+00   1.3337E+01    1.6449E-07    1.2158E-07    4.2527E-08    
8.7203E+01    -1.0344E+00   1.3708E+01    1.6827E-07    1.2533E-07    8.5830E-09    
8.9631E+01    -7.4303E-02   1.3584E+01    1.6597E-07    1.2672E-07    -2.5671E-08   
9.1982E+01    8.8845E-01    1.2969E+01    1.5767E-07    1.2570E-07    -5.8998E-08   
9.4171E+01    1.8191E+00    1.1885E+01    1.4367E-07    1.2230E-07    -9.0192E-08   
9.6119E+01    2.6840E+00    1.0371E+01    1.2448E-07    1.1665E-07    -1.1813E-07   
9.7756E+01    3.4519E+00    8.4832E+00    1.0079E-07    1.0895E-07    -1.4179E-07   
9.9022E+01    4.0950E+00    6.2884E+00    7.3458E-08    9.9477E-08    -1.6033E-07   
9.9871E+01    4.5901E+00    3.8663E+00    4.3469E-08    8.8576E-08    -1.7308E-07   
1.0027E+02    4.9193E+00    1.3045E+00    1.1910E-08    7.6640E-08    -1.7957E-07   
1.0021E+02    5.0708E+00    -1.3045E+00   -2.0080E-08   6.4102E-08    -1.7957E-07   
9.9695E+01    5.0389E+00    -3.8663E+00   -5.1344E-08   5.1413E-08    -1.7308E-07   
9.8736E+01    4.8250E+00    -6.2884E+00   -8.0753E-08   3.9032E-08    -1.6033E-07   
9.7370E+01    4.4366E+00    -8.4832E+00   -1.0724E-07   2.7408E-08    -1.4179E-07   
9.5647E+01    3.8879E+00    -1.0371E+01   -1.2986E-07   1.6960E-08    -1.1813E-07   
9.3630E+01    3.1987E+00    -1.1885E+01   -1.4778E-07   8.0651E-09    -9.0192E-08   
9.1392E+01    2.3939E+00    -1.2969E+01   -1.6036E-07   1.0458E-09    -5.8998E-08   
8.9013E+01    1.5025E+00    -1.3584E+01   -1.6714E-07   -3.8446E-09   -2.5671E-08   
8.6579E+01    5.5686E-01    -1.3708E+01   -1.6788E-07   -6.4294E-09   8.5830E-09    
8.4178E+01    -4.0892E-01   -1.3337E+01   -1.6256E-07   -6.6150E-09   4.2527E-08    
8.1898E+01    -1.3599E+00   -1.2483E+01   -1.5136E-07   -4.3949E-09   7.4934E-08    
7.9820E+01    -2.2618E+00   -1.1179E+01   -1.3469E-07   1.5074E-10    1.0463E-07    
7.8020E+01    -3.0819E+00   -9.4702E+00   -1.1315E-07   6.8577E-09    1.3055E-07    
7.6562E+01    -3.7906E+00   -7.4194E+00   -8.7521E-08   1.5483E-08    1.5175E-07    
7.5499E+01    -4.3623E+00   -5.1005E+00   -5.8730E-08   2.5716E-08    1.6746E-07    
7.4871E+01    -4.7763E+00   -2.5972E+00   -2.7816E-08   3.7186E-08    1.7712E-07    
7.3534E+01    -5.4739E+00   0.0000E+00    3.9290E-09    4.9925E-08    1.7271E-07    
7.3806E+01    -5.5417E+00   2.5997E+00    3.1845E-08    6.1043E-08    1.7008E-07    
7.4493E+01    -5.4410E+00   5.1204E+00    5.8794E-08    7.2127E-08    1.6229E-07    
7.5576E+01    -5.1750E+00   7.4855E+00    8.3957E-08    8.2842E-08    1.4957E-07    
7.7021E+01    -4.7518E+00   9.6231E+00    1.0657E-07    9.2861E-08    1.3230E-07    
7.8784E+01    -4.1842E+00   1.1468E+01    1.2594E-07    1.0188E-07    1.1101E-07    
8.0812E+01    -3.4895E+00   1.2965E+01    1.4149E-07    1.0962E-07    8.6353E-08    
8.3044E+01    -2.6887E+00   1.4068E+01    1.5274E-07    1.1586E-07    5.9069E-08    
8.5410E+01    -1.8063E+00   1.4743E+01    1.5934E-07    1.2040E-07    2.9990E-08    
8.7841E+01    -8.6892E-01   1.4971E+01    1.6111E-07    1.2310E-07    -3.5423E-17   
9.0260E+01    9.4815E-02    1.4743E+01    1.5798E-07    1.2388E-07    -2.9990E-08   
9.2597E+01    1.0557E+00    1.4068E+01    1.5005E-07    1.2272E-07    -5.9069E-08   
9.4778E+01    1.9845E+00    1.2965E+01    1.3756E-07    1.1965E-07    -8.6353E-08   
9.6738E+01    2.8529E+00    1.1468E+01    1.2089E-07    1.1477E-07    -1.1101E-07   
9.8417E+01    3.6347E+00    9.6231E+00    1.0055E-07    1.0822E-07    -1.3230E-07   
9.9765E+01    4.3061E+00    7.4855E+00    7.7151E-08    1.0020E-07    -1.4957E-07   
1.0074E+02    4.8466E+00    5.1204E+00    5.1410E-08    9.0966E-08    -1.6229E-07   
1.0131E+02    5.2399E+00    2.5997E+00    2.4107E-08    8.0786E-08    -1.7008E-07   
1.0147E+02    5.4739E+00    -6.1412E-09   -3.9290E-09   6.9973E-08    -1.7271E-07   
1.0119E+02    5.5417E+00    -2.5997E+00   -3.1845E-08   5.8855E-08    -1.7008E-07   
1.0051E+02    5.4410E+00    -5.1204E+00   -5.8794E-08   4.7770E-08    -1.6229E-07   
9.9424E+01    5.1750E+00    -7.4855E+00   -8.3957E-08   3.7056E-08    -1.4957E-07   
9.7979E+01    4.7518E+00    -9.6231E+00   -1.0657E-07   2.7037E-08    -1.3230E-07   
9.6216E+01    4.1842E+00    -1.1468E+01   -1.2594E-07   1.8018E-08    -1.1101E-07   
9.4188E+01    3.4895E+00    -1.2965E+01   -1.4149E-07   1.0273E-08    -8.6353E-08   
9.1956E+01    2.6887E+00    -1.4068E+01   -1.5274E-07   4.0376E-09    -5.9069E-08   
8.9590E+01    1.8063E+00    -1.4743E+01   -1.5934E-07   -4.9909E-10   -2.9990E-08   
8.7159E+01    8.6892E-01    -1.4971E+01   -1.6111E-07   -3.1991E-09   1.0627E-16    
8.4740E+01    -9.4815E-02   -1.4743E+01   -1.5798E-07   -3.9804E-09   2.9990E-08    
8.2403E+01    -1.0557E+00   -1.4068E+01   -1.5005E-07   -2.8192E-09   5.9069E-08    
8.0222E+01    -1.9845E+00   -1.2965E+01   -1.3756E-07   2.4911E-10    8.6353E-08    
7.8262E+01    -2.8529E+00   -1.1468E+01   -1.2089E-07   5.1314E-09    1.1101E-07    
7.6583E+01    -3.6347E+00   -9.6231E+00   -1.0055E-07   1.1679E-08    1.3230E-07    
7.5235E+01    -4.3061E+00   -7.4855E+00   -7.7151E-08   1.9694E-08    1.4957E-07    
7.4260E+01    -4.8466E+00   -5.1204E+00   -5.1410E-08   2.8931E-08    1.6229E-07    
7.3687E+01    -5.2399E+00   -2.5997E+00   -2.4107E-08   3.9112E-08    1.7008E-07    
7.2371E+01    -5.9301E+00   0.0000E+00    3.7749E-09    5.0318E-08    1.6593E-07    
7.2626E+01    -6.0043E+00   2.6016E+00    2.8556E-08    6.0175E-08    1.6378E-07    
7.3266E+01    -5.9230E+00   5.1359E+00    5.2598E-08    7.0026E-08    1.5739E-07    
7.4275E+01    -5.6883E+00   7.5371E+00    7.5277E-08    7.9616E-08    1.4693E-07    
7.5627E+01    -5.3063E+00   9.7431E+00    9.6007E-08    8.8697E-08    1.3265E-07    
7.7286E+01    -4.7868E+00   1.1697E+01    1.1425E-07    9.7034E-08    1.1495E-07    
7.9209E+01    -4.1434E+00   1.3348E+01    1.2953E-07    1.0441E-07    9.4261E-08    
8.1348E+01    -3.3926E+00   1.4653E+01    1.4146E-07    1.1063E-07    7.1134E-08    
8.3645E+01    -2.5540E+00   1.5578E+01    1.4973E-07    1.1555E-07    4.6166E-08    
8.6043E+01    -1.6493E+00   1.6100E+01    1.5412E-07    1.1902E-07    2.0001E-08    
8.8478E+01    -7.0179E-01   1.6205E+01    1.5451E-07    1.2096E-07    -6.6815E-09   
9.0888E+01    2.6386E-01    1.5891E+01    1.5091E-07    1.2132E-07    -3.3191E-08   
9.3210E+01    1.2227E+00    1.5165E+01    1.4339E-07    1.2009E-07    -5.8841E-08   
9.5384E+01    2.1498E+00    1.4046E+01    1.3216E-07    1.1731E-07    -8.2967E-08   
9.7354E+01    3.0213E+00    1.2563E+01    1.1751E-07    1.1304E-07    -1.0494E-07   
9.9069E+01    3.8145E+00    1.0755E+01    9.9819E-08    1.0739E-07    -1.2420E-07   
1.0048E+02    4.5089E+00    8.6682E+00    7.9539E-08    1.0052E-07    -1.4025E-07   
1.0156E+02    5.0866E+00    6.3571E+00    5.7200E-08    9.2590E-08    -1.5266E-07   
1.0228E+02    5.5325E+00    3.8813E+00    3.3378E-08    8.3819E-08    -1.6111E-07   
1.0261E+02    5.8351E+00    1.3050E+00    8.6927E-09    7.4430E-08    -1.6540E-07   
1.0255E+02    5.9866E+00    -1.3050E+00   -1.6218E-08   6.4666E-08    -1.6540E-07   
1.0210E+02    5.9830E+00    -3.8813E+00   -4.0709E-08   5.4780E-08    -1.6111E-07   
1.0127E+02    5.8245E+00    -6.3571E+00   -6.4145E-08   4.5028E-08    -1.5266E-07   
1.0009E+02    5.5152E+00    -8.6682E+00   -8.5920E-08   3.5662E-08    -1.4025E-07   
9.8580E+01    5.0630E+00    -1.0755E+01   -1.0547E-07   2.6925E-08    -1.2420E-07   
9.6783E+01    4.4796E+00    -1.2563E+01   -1.2229E-07   1.9043E-08    -1.0494E-07   
9.4745E+01    3.7803E+00    -1.4046E+01   -1.3594E-07   1.2221E-08    -8.2967E-08   
9.2520E+01    2.9830E+00    -1.5165E+01   -1.4607E-07   6.6353E-09    -5.8841E-08   
9.0165E+01    2.1085E+00    -1.5891E+01   -1.5242E-07   2.4300E-09    -3.3191E-08   
8.7741E+01    1.1794E+00    -1.6205E+01   -1.5482E-07   -2.8554E-10   -6.6815E-09   
8.5310E+01    2.1968E-01    -1.6100E+01   -1.5321E-07   -1.4410E-09   2.0001E-08    
8.2936E+01    -7.4569E-01   -1.5578E+01   -1.4763E-07   -1.0066E-09   4.6166E-08    
8.0681E+01    -1.6917E+00   -1.4653E+01   -1.3823E-07   1.0066E-09    7.1134E-08    
7.8602E+01    -2.5940E+00   -1.3348E+01   -1.2525E-07   4.5463E-09    9.4261E-08    
7.6753E+01    -3.4290E+00   -1.1697E+01   -1.0902E-07   9.5209E-09    1.1495E-07    
7.5183E+01    -4.1753E+00   -9.7431E+00   -8.9971E-08   1.5802E-08    1.3265E-07    
7.3932E+01    -4.8134E+00   -7.5371E+00   -6.8592E-08   2.3226E-08    1.4693E-07    
7.3032E+01    -5.3268E+00   -5.1359E+00   -4.5436E-08   3.1601E-08    1.5739E-07    
7.2507E+01    -5.7023E+00   -2.6016E+00   -2.1104E-08   4.0710E-08    1.6378E-07    
7.1207E+01    -6.3862E+00   0.0000E+00    3.6376E-09    5.0668E-08    1.5990E-07    
7.1448E+01    -6.4660E+00   2.6032E+00    2.5828E-08    5.9486E-08    1.5811E-07    
7.2048E+01    -6.4013E+00   5.1482E+00    4.7442E-08    6.8313E-08    1.5280E-07    
7.2993E+01    -6.1937E+00   7.5783E+00    6.7996E-08    7.6954E-08    1.4406E-07    
7.4262E+01    -5.8476E+00   9.8390E+00    8.7031E-08    8.5215E-08    1.3211E-07    
7.5827E+01    -5.3710E+00   1.1880E+01    1.0412E-07    9.2912E-08    1.1721E-07    
7.7652E+01    -4.7743E+00   1.3656E+01    1.1889E-07    9.9872E-08    9.9695E-08    
7.9698E+01    -4.0711E+00   1.5126E+01    1.3100E-07    1.0594E-07    7.9949E-08    
8.1917E+01    -3.2768E+00   1.6259E+01    1.4018E-07    1.1098E-07    5.8418E-08    
8.4262E+01    -2.4094E+00   1.7028E+01    1.4623E-07    1.1488E-07    3.5581E-08    
8.6679E+01    -1.4882E+00   1.7417E+01    1.4902E-07    1.1756E-07    1.1949E-08    
8.9114E+01    -5.3366E-01   1.7417E+01    1.4847E-07    1.1894E-07    -1.1949E-08   
9.1513E+01    4.3275E-01    1.7028E+01    1.4461E-07    1.1901E-07    -3.5581E-08   
9.3822E+01    1.3895E+00    1.6259E+01    1.3752E-07    1.1776E-07    -5.8418E-08   
9.5991E+01    2.3152E+00    1.5126E+01    1.2736E-07    1.1522E-07    -7.9949E-08   
9.7969E+01    3.1892E+00    1.3656E+01    1.1435E-07    1.1144E-07    -9.9695E-08   
9.9714E+01    3.9919E+00    1.1880E+01    9.8788E-08    1.0652E-07    -1.1721E-07   
1.0119E+02    4.7055E+00    9.8390E+00    8.1020E-08    1.0055E-07    -1.3211E-07   
1.0235E+02    5.3140E+00    7.5783E+00    6.1441E-08    9.3677E-08    -1.4406E-07   
1.0319E+02    5.8037E+00    5.1482E+00    4.0490E-08    8.6050E-08    -1.5280E-07   
1.0367E+02    6.1638E+00    2.6032E+00    1.8634E-08    7.7840E-08    -1.5811E-07   
1.0379E+02    6.3862E+00    -7.1647E-09   -3.6376E-09   6.9229E-08    -1.5990E-07   
1.0355E+02    6.4660E+00    -2.6032E+00   -2.5828E-08   6.0412E-08    -1.5811E-07   
1.0295E+02    6.4013E+00    -5.1482E+00   -4.7442E-08   5.1584E-08    -1.5280E-07   
1.0201E+02    6.1937E+00    -7.5783E+00   -6.7996E-08   4.2943E-08    -1.4406E-07   
1.0074E+02    5.8476E+00    -9.8390E+00   -8.7031E-08   3.4682E-08    -1.3211E-07   
9.9173E+01    5.3710E+00    -1.1880E+01   -1.0412E-07   2.6986E-08    -1.1721E-07   
9.7348E+01    4.7743E+00    -1.3656E+01   -1.1889E-07   2.0025E-08    -9.9695E-08   
9.5302E+01    4.0711E+00    -1.5126E+01   -1.3100E-07   1.3957E-08    -7.9949E-08   
9.3083E+01    3.2768E+00    -1.6259E+01   -1.4018E-07   8.9159E-09    -5.8418E-08   
9.0738E+01    2.4094E+00    -1.7028E+01   -1.4623E-07   5.0148E-09    -3.5581E-08   
8.8321E+01    1.4882E+00    -1.7417E+01   -1.4902E-07   2.3409E-09    -1.1949E-08   
8.5886E+01    5.3366E-01    -1.7417E+01   -1.4847E-07   9.5376E-10    1.1949E-08    
8.3487E+01    -4.3275E-01   -1.7028E+01   -1.4461E-07   8.8453E-10    3.5581E-08    
8.1178E+01    -1.3895E+00   -1.6259E+01   -1.3752E-07   2.1347E-09    5.8418E-08    
7.9009E+01    -2.3152E+00   -1.5126E+01   -1.2736E-07   4.6763E-09    7.9949E-08    
7.7031E+01    -3.1892E+00   -1.3656E+01   -1.1435E-07   8.4527E-09    9.9695E-08    
7.5286E+01    -3.9919E+00   -1.1880E+01   -9.8788E-08   1.3379E-08    1.1721E-07    
7.3814E+01    -4.7055E+00   -9.8390E+00   -8.1020E-08   1.9346E-08    1.3211E-07    
7.2648E+01    -5.3140E+00   -7.5783E+00   -6.1441E-08   2.6220E-08    1.4406E-07    
7.1814E+01    -5.8037E+00   -5.1482E+00   -4.0490E-08   3.3848E-08    1.5280E-07    
7.1330E+01    -6.1638E+00   -2.6032E+00   -1.8634E-08   4.2058E-08    1.5811E-07    
-9.2155E+01   -1.8246E+00   0.0000E+00    1.0593E-07    -3.3020E-07   -7.3819E-08   
-9.0647E+01   -3.8360E+00   -6.1618E-01   2.3116E-07    -2.3934E-07   -6.3929E-08   
-8.8296E+01   -4.8195E+00   -1.0673E+00   2.9445E-07    -1.0042E-07   -3.6910E-08   
-8.5732E+01   -4.5116E+00   -1.2324E+00   2.7885E-07    4.9349E-08    1.5141E-17    
-8.3641E+01   -2.9948E+00   -1.0673E+00   1.8853E-07    1.6983E-07    3.6910E-08    
-8.2584E+01   -6.7560E-01   -6.1618E-01   4.7690E-08    2.2874E-07    6.3929E-08    
-8.2845E+01   1.8246E+00    5.0552E-10    -1.0593E-07   2.1030E-07    7.3819E-08    
-8.4353E+01   3.8360E+00    6.1618E-01    -2.3116E-07   1.1944E-07    6.3929E-08    
-8.6704E+01   4.8195E+00    1.0673E+00    -2.9445E-07   -1.9480E-08   3.6910E-08    
-8.9268E+01   4.5116E+00    1.2324E+00    -2.7885E-07   -1.6925E-07   -4.5422E-17   
-9.1359E+01   2.9948E+00    1.0673E+00    -1.8853E-07   -2.8973E-07   -3.6910E-08   
-9.2416E+01   6.7560E-01    6.1618E-01    -4.7690E-08   -3.4864E-07   -6.3929E-08   
-9.3319E+01   -2.2808E+00   0.0000E+00    9.4770E-08    -3.0173E-07   -6.6045E-08   
-9.1917E+01   -4.3774E+00   -6.2655E-01   1.8805E-07    -2.4106E-07   -6.0335E-08   
-8.9751E+01   -5.7171E+00   -1.1448E+00   2.4881E-07    -1.4907E-07   -4.4193E-08   
-8.7196E+01   -6.0683E+00   -1.4650E+00   2.6656E-07    -4.1664E-08   -2.0409E-08   
-8.4693E+01   -5.3702E+00   -1.5320E+00   2.3821E-07    6.2576E-08    6.9036E-09    
-8.2676E+01   -3.7435E+00   -1.3341E+00   1.6867E-07    1.4563E-07    3.3022E-08    
-8.1493E+01   -1.4696E+00   -9.0545E-01   6.9971E-08    1.9314E-07    5.3431E-08    
-8.1349E+01   1.0585E+00    -3.2028E-01   -4.0829E-08   1.9688E-07    6.4602E-08    
-8.2268E+01   3.4035E+00    3.2028E-01    -1.4457E-07   1.5622E-07    6.4602E-08    
-8.4092E+01   5.1600E+00    9.0545E-01    -2.2331E-07   7.8182E-08    5.3431E-08    
-8.6505E+01   6.0243E+00    1.3341E+00    -2.6344E-07   -2.3742E-08   3.3022E-08    
-8.9090E+01   5.8470E+00    1.5320E+00    -2.5802E-07   -1.3193E-07   6.9036E-09    
-9.1400E+01   4.6586E+00    1.4650E+00    -2.0799E-07   -2.2767E-07   -2.0409E-08   
-9.3036E+01   2.6648E+00    1.1448E+00    -1.2199E-07   -2.9440E-07   -4.4193E-08   
-9.3715E+01   2.1016E-01    6.2655E-01    -1.4897E-08   -3.2060E-07   -6.0335E-08   
-9.4483E+01   -2.7370E+00   0.0000E+00    8.6526E-08    -2.8070E-07   -6.0300E-08   
-9.3154E+01   -4.8865E+00   -6.3224E-01   1.5921E-07    -2.3685E-07   -5.6663E-08   
-9.1144E+01   -6.4466E+00   -1.1882E+00   2.1270E-07    -1.7167E-07   -4.6192E-08   
-8.8694E+01   -7.2292E+00   -1.6009E+00   2.4053E-07    -9.3006E-08   -3.0150E-08   
-8.6100E+01   -7.1398E+00   -1.8204E+00   2.3935E-07    -1.0358E-08   -1.0471E-08   
-8.3675E+01   -6.1893E+00   -1.8204E+00   2.0929E-07    6.6309E-08    1.0471E-08    
-8.1711E+01   -4.4922E+00   -1.6009E+00   1.5400E-07    1.2775E-07    3.0150E-08    
-8.0446E+01   -2.2533E+00   -1.1882E+00   8.0131E-08    1.6655E-07    4.6192E-08    
-8.0031E+01   2.5733E-01    -6.3224E-01   -3.4028E-09   1.7803E-07    5.6663E-08    
-8.0517E+01   2.7370E+00    7.5828E-10    -8.6526E-08   1.6080E-07    6.0300E-08    
-8.1846E+01   4.8865E+00    6.3224E-01    -1.5921E-07   1.1696E-07    5.6663E-08    
-8.3856E+01   6.4466E+00    1.1882E+00    -2.1270E-07   5.1770E-08    4.6192E-08    
-8.6306E+01   7.2292E+00    1.6009E+00    -2.4053E-07   -2.6891E-08   3.0150E-08    
-8.8900E+01   7.1398E+00    1.8204E+00    -2.3935E-07   -1.0954E-07   1.0471E-08    
-9.1325E+01   6.1893E+00    1.8204E+00    -2.0929E-07   -1.8621E-07   -1.0471E-08   
-9.3289E+01   4.4922E+00    1.6009E+00    -1.5400E-07   -2.4764E-07   -3.0150E-08   
-9.4554E+01   2.2533E+00    1.1882E+00    -8.0131E-08   -2.8644E-07   -4.6192E-08   
-9.4969E+01   -2.5733E-01   6.3224E-01    3.4028E-09    -2.9793E-07   -5.6663E-08   
-9.5647E+01   -3.1931E+00   0.0000E+00    8.0116E-08    -2.6435E-07   -5.5832E-08   
-9.4372E+01   -5.3784E+00   -6.3568E-01   1.3872E-07    -2.3090E-07   -5.3352E-08   
-9.2488E+01   -7.0858E+00   -1.2149E+00   1.8500E-07    -1.8226E-07   -4.6131E-08   
-9.0160E+01   -8.1636E+00   -1.6861E+00   2.1484E-07    -1.2276E-07   -3.4811E-08   
-8.7596E+01   -8.5161E+00   -2.0075E+00   2.2559E-07    -5.7672E-08   -2.0398E-08   
-8.5023E+01   -8.1118E+00   -2.1506E+00   2.1630E-07    7.2112E-09    -4.1723E-09   
-8.2670E+01   -6.9868E+00   -2.1026E+00   1.8779E-07    6.6127E-08    1.2424E-08    
-8.0747E+01   -5.2409E+00   -1.8677E+00   1.4259E-07    1.1384E-07    2.7916E-08    
-7.9423E+01   -3.0294E+00   -1.4669E+00   8.4722E-08    1.4611E-07    4.0928E-08    
-7.8817E+01   -5.4871E-01   -9.3572E-01   1.9326E-08    1.6007E-07    5.0303E-08    
-7.8983E+01   1.9807E+00    -3.2143E-01   -4.7787E-08   1.5449E-07    5.5208E-08    
-7.9906E+01   4.3342E+00    3.2143E-01    -1.1065E-07   1.2984E-07    5.5208E-08    
-8.1503E+01   6.3025E+00    9.3572E-01    -1.6369E-07   8.8340E-08    5.0303E-08    
-8.3633E+01   7.7109E+00    1.4669E+00    -2.0218E-07   3.3658E-08    4.0928E-08    
-8.6107E+01   8.4340E+00    1.8677E+00    -2.2271E-07   -2.9341E-08   2.7916E-08    
-8.8704E+01   8.4078E+00    2.1026E+00    -2.2344E-07   -9.5059E-08   1.2424E-08    
-9.1195E+01   7.6345E+00    2.1506E+00    -2.0433E-07   -1.5766E-07   -4.1723E-09   
-9.3357E+01   6.1829E+00    2.0075E+00    -1.6706E-07   -2.1157E-07   -2.0398E-08   
-9.4999E+01   4.1819E+00    1.6861E+00    -1.1494E-07   -2.5202E-07   -3.4811E-08   
-9.5974E+01   1.8093E+00    1.2149E+00    -5.2612E-08   -2.7540E-07   -4.6131E-08   
-9.6197E+01   -7.2410E-01   6.3568E-01    1.4391E-08    -2.7963E-07   -5.3352E-08   
-9.6810E+01   -3.6493E+00   0.0000E+00    7.4946E-08    -2.5116E-07   -5.2229E-08   
-9.5578E+01   -5.8603E+00   -6.3791E-01   1.2346E-07    -2.2463E-07   -5.0450E-08   
-9.3795E+01   -7.6719E+00   -1.2324E+00   1.6355E-07    -1.8687E-07   -4.5232E-08   
-9.1583E+01   -8.9608E+00   -1.7428E+00   1.9250E-07    -1.4047E-07   -3.6932E-08   
-8.9092E+01   -9.6389E+00   -2.1345E+00   2.0833E-07    -8.8582E-08   -2.6115E-08   
-8.6494E+01   -9.6602E+00   -2.3807E+00   2.0997E-07    -3.4741E-08   -1.3518E-08   
-8.3963E+01   -9.0231E+00   -2.4647E+00   1.9729E-07    1.7383E-08    1.0712E-17    
-8.1674E+01   -7.7712E+00   -2.3807E+00   1.7117E-07    6.4236E-08    1.3518E-08    
-7.9782E+01   -5.9896E+00   -2.1345E+00   1.3339E-07    1.0263E-07    2.6115E-08    
-7.8416E+01   -3.7999E+00   -1.7428E+00   8.6514E-08    1.2994E-07    3.6932E-08    
-7.7669E+01   -1.3512E+00   -1.2324E+00   3.3742E-08    1.4431E-07    4.5232E-08    
-7.7592E+01   1.1896E+00    -6.3791E-01   -2.1329E-08   1.4476E-07    5.0450E-08    
-7.8190E+01   3.6493E+00    1.0110E-09    -7.4946E-08   1.3126E-07    5.2229E-08    
-7.9422E+01   5.8603E+00    6.3791E-01    -1.2346E-07   1.0473E-07    5.0450E-08    
-8.1205E+01   7.6719E+00    1.2324E+00    -1.6355E-07   6.6976E-08    4.5232E-08    
-8.3417E+01   8.9608E+00    1.7428E+00    -1.9250E-07   2.0574E-08    3.6932E-08    
-8.5908E+01   9.6389E+00    2.1345E+00    -2.0833E-07   -3.1316E-08   2.6115E-08    
-8.8506E+01   9.6602E+00    2.3807E+00    -2.0997E-07   -8.5157E-08   1.3518E-08    
-9.1037E+01   9.0231E+00    2.4647E+00    -1.9729E-07   -1.3728E-07   -3.2137E-17   
-9.3326E+01   7.7712E+00    2.3807E+00    -1.7117E-07   -1.8413E-07   -1.3518E-08   
-9.5218E+01   5.9896E+00    2.1345E+00    -1.3339E-07   -2.2252E-07   -2.6115E-08   
-9.6584E+01   3.7999E+00    1.7428E+00    -8.6514E-08   -2.4983E-07   -3.6932E-08   
-9.7331E+01   1.3512E+00    1.2324E+00    -3.3742E-08   -2.6421E-07   -4.5232E-08   
-9.7408E+01   -1.1896E+00   6.3791E-01    2.1329E-08    -2.6466E-07   -5.0450E-08   
-9.7974E+01   -4.1054E+00   0.0000E+00    7.0663E-08    -2.4023E-07   -4.9244E-08   
-9.6774E+01   -6.3358E+00   -6.3945E-01   1.1166E-07    -2.1855E-07   -4.7917E-08   
-9.5074E+01   -8.2245E+00   -1.2444E+00   1.4663E-07    -1.8833E-07   -4.4006E-08   
-9.2966E+01   -9.6699E+00   -1.7823E+00   1.7370E-07    -1.5118E-07   -3.7723E-08   
-9.0563E+01   -1.0594E+01   -2.2241E+00   1.9141E-07    -1.0912E-07   -2.9407E-08   
-8.7995E+01   -1.0947E+01   -2.5460E+00   1.9879E-07    -6.4405E-08   -1.9505E-08   
-8.5400E+01   -1.0710E+01   -2.7307E+00   1.9546E-07    -1.9450E-08   -8.5512E-09   
-8.2919E+01   -9.8951E+00   -2.7681E+00   1.8160E-07    2.3322E-08    2.8633E-09    
-8.0684E+01   -8.5471E+00   -2.6563E+00   1.5794E-07    6.1605E-08    1.4123E-08    
-7.8817E+01   -6.7383E+00   -2.4013E+00   1.2577E-07    9.3335E-08    2.4622E-08    
-7.7418E+01   -4.5663E+00   -2.0169E+00   8.6814E-08    1.1680E-07    3.3794E-08    
-7.6563E+01   -2.1480E+00   -1.5237E+00   4.3181E-08    1.3074E-07    4.1143E-08    
-7.6297E+01   3.8600E-01    -9.4835E-01   -2.7789E-09   1.3440E-07    4.6275E-08    
-7.6635E+01   2.8992E+00    -3.2190E-01   -4.8589E-08   1.2758E-07    4.8911E-08    
-7.7559E+01   5.2561E+00    3.2190E-01    -9.1780E-08   1.1065E-07    4.8911E-08    
-7.9018E+01   7.3297E+00    9.4835E-01    -1.3002E-07   8.4522E-08    4.6275E-08    
-8.0935E+01   9.0081E+00    1.5237E+00    -1.6126E-07   5.0607E-08    4.1143E-08    
-8.3206E+01   1.0201E+01    2.0169E+00    -1.8380E-07   1.0733E-08    3.3794E-08    
-8.5709E+01   1.0844E+01    2.4013E+00    -1.9643E-07   -3.2952E-08   2.4622E-08    
-8.8308E+01   1.0902E+01    2.6563E+00    -1.9847E-07   -7.8093E-08   1.4123E-08    
-9.0863E+01   1.0373E+01    2.7681E+00    -1.8981E-07   -1.2225E-07   2.8633E-09    
-9.3237E+01   9.2839E+00    2.7307E+00    -1.7092E-07   -1.6306E-07   -8.5512E-09   
-9.5302E+01   7.6948E+00    2.5460E+00    -1.4282E-07   -1.9830E-07   -1.9505E-08   
-9.6946E+01   5.6908E+00    2.2241E+00    -1.0701E-07   -2.2609E-07   -2.9407E-08   
-9.8081E+01   3.3800E+00    1.7823E+00    -6.5440E-08   -2.4492E-07   -3.7723E-08   
-9.8646E+01   8.8701E-01    1.2444E+00    -2.0339E-08   -2.5378E-07   -4.4006E-08   
-9.8609E+01   -1.6538E+00   6.3945E-01    2.5859E-08    -2.5218E-07   -4.7917E-08   
-9.9138E+01   -4.5616E+00   0.0000E+00    6.7038E-08    -2.3098E-07   -4.6719E-08   
-9.7964E+01   -6.8069E+00   -6.4055E-01   1.0227E-07    -2.1286E-07   -4.5698E-08   
-9.6334E+01   -8.7548E+00   -1.2531E+00   1.3302E-07    -1.8806E-07   -4.2680E-08   
-9.4317E+01   -1.0320E+01   -1.8109E+00   1.5797E-07    -1.5766E-07   -3.7796E-08   
-9.2002E+01   -1.1434E+01   -2.2895E+00   1.7601E-07    -1.2299E-07   -3.1261E-08   
-8.9490E+01   -1.2049E+01   -2.6681E+00   1.8635E-07    -8.5561E-08   -2.3359E-08   
-8.6892E+01   -1.2137E+01   -2.9301E+00   1.8856E-07    -4.7014E-08   -1.4437E-08   
-8.4320E+01   -1.1694E+01   -3.0640E+00   1.8252E-07    -9.0333E-09   -4.8834E-09   
-8.1887E+01   -1.0740E+01   -3.0640E+00   1.6850E-07    2.6723E-08    4.8834E-09    
-7.9699E+01   -9.3173E+00   -2.9301E+00   1.4712E-07    5.8690E-08    1.4437E-08    
-7.7852E+01   -7.4870E+00   -2.6681E+00   1.1932E-07    8.5473E-08    2.3359E-08    
-7.6427E+01   -5.3296E+00   -2.2895E+00   8.6291E-08    1.0590E-07    3.1261E-08    
-7.5486E+01   -2.9392E+00   -1.8109E+00   4.9496E-08    1.1908E-07    3.7796E-08    
-7.5070E+01   -4.2032E-01   -1.2531E+00   1.0538E-08    1.2443E-07    4.2680E-08    
-7.5197E+01   2.1169E+00    -6.4055E-01   -2.8882E-08   1.2173E-07    4.5698E-08    
-7.5862E+01   4.5616E+00    1.2638E-09    -6.7038E-08   1.1109E-07    4.6719E-08    
-7.7036E+01   6.8069E+00    6.4055E-01    -1.0227E-07   9.2966E-08    4.5698E-08    
-7.8666E+01   8.7548E+00    1.2531E+00    -1.3302E-07   6.8164E-08    4.2680E-08    
-8.0683E+01   1.0320E+01    1.8109E+00    -1.5797E-07   3.7762E-08    3.7796E-08    
-8.2998E+01   1.1434E+01    2.2895E+00    -1.7601E-07   3.0902E-09    3.1261E-08    
-8.5510E+01   1.2049E+01    2.6681E+00    -1.8635E-07   -3.4337E-08   2.3359E-08    
-8.8108E+01   1.2137E+01    2.9301E+00    -1.8856E-07   -7.2883E-08   1.4437E-08    
-9.0680E+01   1.1694E+01    3.0640E+00    -1.8252E-07   -1.1086E-07   4.8834E-09    
-9.3113E+01   1.0740E+01    3.0640E+00    -1.6850E-07   -1.4662E-07   -4.8834E-09   
-9.5301E+01   9.3173E+00    2.9301E+00    -1.4712E-07   -1.7859E-07   -1.4437E-08   
-9.7148E+01   7.4870E+00    2.6681E+00    -1.1932E-07   -2.0537E-07   -2.3359E-08   
-9.8573E+01   5.3296E+00    2.2895E+00    -8.6291E-08   -2.2580E-07   -3.1261E-08   
-9.9514E+01   2.9392E+00    1.8109E+00    -4.9496E-08   -2.3898E-07   -3.7796E-08   
-9.9930E+01   4.2032E-01    1.2531E+00    -1.0538E-08   -2.4433E-07   -4.2680E-08   
-9.9803E+01   -2.1169E+00   6.4055E-01    2.8882E-08    -2.4163E-07   -4.5698E-08   
-1.0030E+02   -5.0178E+00   0.0000E+00    6.3920E-08    -2.2303E-07   -4.4546E-08   
-9.9150E+01   -7.2751E+00   -6.4137E-01   9.4610E-08    -2.0760E-07   -4.3741E-08   
-9.7577E+01   -9.2695E+00   -1.2596E+00   1.2188E-07    -1.8683E-07   -4.1355E-08   
-9.5640E+01   -1.0929E+01   -1.8322E+00   1.4475E-07    -1.6148E-07   -3.7474E-08   
-9.3409E+01   -1.2193E+01   -2.3387E+00   1.6238E-07    -1.3246E-07   -3.2239E-08   
-9.0964E+01   -1.3017E+01   -2.7606E+00   1.7415E-07    -1.0082E-07   -2.5839E-08   
-8.8395E+01   -1.3370E+01   -3.0827E+00   1.7962E-07    -6.7699E-08   -1.8505E-08   
-8.5792E+01   -1.3240E+01   -3.2934E+00   1.7860E-07    -3.4300E-08   -1.0502E-08   
-8.3252E+01   -1.2632E+01   -3.3851E+00   1.7112E-07    -1.8284E-09   -2.1196E-09   
-8.0865E+01   -1.1566E+01   -3.3545E+00   1.5746E-07    2.8543E-08    6.3395E-09    
-7.8717E+01   -1.0083E+01   -3.2026E+00   1.3811E-07    5.5716E-08    1.4569E-08    
-7.6888E+01   -8.2357E+00   -2.9349E+00   1.1377E-07    7.8709E-08    2.2273E-08    
-7.5441E+01   -6.0905E+00   -2.5612E+00   8.5311E-08    9.6690E-08    2.9171E-08    
-7.4431E+01   -3.7251E+00   -2.0949E+00   5.3773E-08    1.0901E-07    3.5015E-08    
-7.3893E+01   -1.2252E+00   -1.5529E+00   2.0291E-08    1.1522E-07    3.9594E-08    
-7.3847E+01   1.3191E+00    -9.5479E-01   -1.3924E-08   1.1511E-07    4.2741E-08    
-7.4294E+01   3.8157E+00    -3.2214E-01   -4.7636E-08   1.0866E-07    4.4344E-08    
-7.5218E+01   6.1744E+00    3.2214E-01    -7.9626E-08   9.6121E-08    4.4344E-08    
-7.6587E+01   8.3099E+00    9.5479E-01    -1.0874E-07   7.7942E-08    4.2741E-08    
-7.8350E+01   1.0145E+01    1.5529E+00    -1.3392E-07   5.4779E-08    3.9594E-08    
-8.0443E+01   1.1614E+01    2.0949E+00    -1.5426E-07   2.7469E-08    3.5015E-08    
-8.2792E+01   1.2662E+01    2.5612E+00    -1.6903E-07   -3.0006E-09   2.9171E-08    
-8.5311E+01   1.3253E+01    2.9349E+00    -1.7769E-07   -3.5528E-08   2.2273E-08    
-8.7908E+01   1.3366E+01    3.2026E+00    -1.7992E-07   -6.8938E-08   1.4569E-08    
-9.0492E+01   1.2995E+01    3.3545E+00    -1.7565E-07   -1.0202E-07   6.3395E-09    
-9.2967E+01   1.2154E+01    3.3851E+00    -1.6504E-07   -1.3359E-07   -2.1196E-09   
-9.5244E+01   1.0874E+01    3.2934E+00    -1.4846E-07   -1.6249E-07   -1.0502E-08   
-9.7242E+01   9.2012E+00    3.0827E+00    -1.2651E-07   -1.8769E-07   -1.8505E-08   
-9.8887E+01   7.1957E+00    2.7606E+00    -9.9991E-08   -2.0827E-07   -2.5839E-08   
-1.0012E+02   4.9302E+00    2.3387E+00    -6.9858E-08   -2.2349E-07   -3.2239E-08   
-1.0090E+02   2.4864E+00    1.8322E+00    -3.7200E-08   -2.3280E-07   -3.7474E-08   
-1.0119E+02   -4.7188E-02   1.2596E+00    -3.1980E-09   -2.3586E-07   -4.1355E-08   
-1.0099E+02   -2.5791E+00   6.4137E-01    3.0920E-08    -2.3256E-07   -4.3741E-08   
-1.0147E+02   -5.4739E+00   0.0000E+00    6.1200E-08    -2.1609E-07   -4.2650E-08   
-1.0033E+02   -7.7410E+00   -6.4199E-01   8.8246E-08    -2.0275E-07   -4.2002E-08   
-9.8809E+01   -9.7729E+00   -1.2645E+00   1.1261E-07    -1.8507E-07   -4.0078E-08   
-9.6942E+01   -1.1508E+01   -1.8485E+00   1.3355E-07    -1.6359E-07   -3.6936E-08   
-9.4788E+01   -1.2893E+01   -2.3764E+00   1.5044E-07    -1.3897E-07   -3.2672E-08   
-9.2413E+01   -1.3887E+01   -2.8321E+00   1.6275E-07    -1.1194E-07   -2.7415E-08   
-8.9888E+01   -1.4458E+01   -3.2018E+00   1.7012E-07    -8.3330E-08   -2.1325E-08   
-8.7291E+01   -1.4591E+01   -3.4741E+00   1.7232E-07    -5.4012E-08   -1.4587E-08   
-8.4701E+01   -1.4280E+01   -3.6409E+00   1.6929E-07    -2.4873E-08   -7.4061E-09   
-8.2195E+01   -1.3535E+01   -3.6971E+00   1.6111E-07    3.1991E-09    8.7476E-18    
-7.9850E+01   -1.2379E+01   -3.6409E+00   1.4803E-07    2.9353E-08    7.4061E-09    
-7.7738E+01   -1.0846E+01   -3.4741E+00   1.3046E-07    5.2793E-08    1.4587E-08    
-7.5923E+01   -8.9844E+00   -3.2018E+00   1.0892E-07    7.2808E-08    2.1325E-08    
-7.4459E+01   -6.8496E+00   -2.8321E+00   8.4078E-08    8.8789E-08    2.7415E-08    
-7.3392E+01   -4.5067E+00   -2.3764E+00   5.6677E-08    1.0025E-07    3.2672E-08    
-7.2753E+01   -2.0268E+00   -1.8485E+00   2.7553E-08    1.0684E-07    3.6936E-08    
-7.2562E+01   5.1467E-01    -1.2645E+00   -2.4068E-09   1.0837E-07    4.0078E-08    
-7.2825E+01   3.0405E+00    -6.4199E-01   -3.2294E-08   1.0478E-07    4.2002E-08    
-7.3534E+01   5.4739E+00    1.5166E-09    -6.1200E-08   9.6189E-08    4.2650E-08    
-7.4668E+01   7.7410E+00    6.4199E-01    -8.8246E-08   8.2852E-08    4.2002E-08    
-7.6191E+01   9.7729E+00    1.2645E+00    -1.1261E-07   6.5175E-08    4.0078E-08    
-7.8058E+01   1.1508E+01    1.8485E+00    -1.3355E-07   4.3697E-08    3.6936E-08    
-8.0212E+01   1.2893E+01    2.3764E+00    -1.5044E-07   1.9069E-08    3.2672E-08    
-8.2587E+01   1.3887E+01    2.8321E+00    -1.6275E-07   -7.9593E-09   2.7415E-08    
-8.5112E+01   1.4458E+01    3.2018E+00    -1.7012E-07   -3.6567E-08   2.1325E-08    
-8.7709E+01   1.4591E+01    3.4741E+00    -1.7232E-07   -6.5886E-08   1.4587E-08    
-9.0299E+01   1.4280E+01    3.6409E+00    -1.6929E-07   -9.5024E-08   7.4061E-09    
-9.2805E+01   1.3535E+01    3.6971E+00    -1.6111E-07   -1.2310E-07   -2.6243E-17   
-9.5150E+01   1.2379E+01    3.6409E+00    -1.4803E-07   -1.4925E-07   -7.4061E-09   
-9.7262E+01   1.0846E+01    3.4741E+00    -1.3046E-07   -1.7269E-07   -1.4587E-08   
-9.9077E+01   8.9844E+00    3.2018E+00    -1.0892E-07   -1.9271E-07   -2.1325E-08   
-1.0054E+02   6.8496E+00    2.8321E+00    -8.4078E-08   -2.0869E-07   -2.7415E-08   
-1.0161E+02   4.5067E+00    2.3764E+00    -5.6677E-08   -2.2015E-07   -3.2672E-08   
-1.0225E+02   2.0268E+00    1.8485E+00    -2.7553E-08   -2.2674E-07   -3.6936E-08   
-1.0244E+02   -5.1467E-01   1.2645E+00    2.4068E-09    -2.2827E-07   -4.0078E-08   
-1.0217E+02   -3.0405E+00   6.4199E-01    3.2294E-08    -2.2468E-07   -4.2002E-08   
-1.0263E+02   -5.9301E+00   0.0000E+00    5.8800E-08    -2.0996E-07   -4.0977E-08   
-1.0151E+02   -8.2053E+00   -6.4247E-01   8.2868E-08    -1.9829E-07   -4.0446E-08   
-1.0003E+02   -1.0268E+01   -1.2683E+00   1.0479E-07    -1.8303E-07   -3.8868E-08   
-9.8226E+01   -1.2065E+01   -1.8613E+00   1.2400E-07    -1.6458E-07   -3.6283E-08   
-9.6142E+01   -1.3549E+01   -2.4061E+00   1.4000E-07    -1.4343E-07   -3.2759E-08   
-9.3836E+01   -1.4683E+01   -2.8885E+00   1.5237E-07    -1.2011E-07   -2.8386E-08   
-9.1365E+01   -1.5436E+01   -3.2962E+00   1.6079E-07    -9.5235E-08   -2.3278E-08   
-8.8794E+01   -1.5789E+01   -3.6185E+00   1.6505E-07    -6.9445E-08   -1.7567E-08   
-8.6189E+01   -1.5734E+01   -3.8470E+00   1.6504E-07    -4.3410E-08   -1.1401E-08   
-8.3618E+01   -1.5270E+01   -3.9760E+00   1.6075E-07    -1.7802E-08   -4.9392E-09   
-8.1148E+01   -1.4412E+01   -4.0019E+00   1.5230E-07    6.7138E-09    1.6500E-09    
-7.8843E+01   -1.3180E+01   -3.9242E+00   1.3990E-07    2.9503E-08    8.1965E-09    
-7.6761E+01   -1.1607E+01   -3.7449E+00   1.2388E-07    4.9976E-08    1.4531E-08    
-7.4958E+01   -9.7331E+00   -3.4686E+00   1.0465E-07    6.7601E-08    2.0489E-08    
-7.3480E+01   -7.6073E+00   -3.1024E+00   8.2713E-08    8.1923E-08    2.5916E-08    
-7.2364E+01   -5.2844E+00   -2.6559E+00   5.8632E-08    9.2571E-08    3.0672E-08    
-7.1641E+01   -2.8246E+00   -2.1406E+00   3.3033E-08    9.9269E-08    3.4633E-08    
-7.1329E+01   -2.9169E-01   -1.5699E+00   6.5780E-09    1.0184E-07    3.7698E-08    
-7.1435E+01   2.2488E+00    -9.5850E-01   -2.0047E-08   1.0023E-07    3.9786E-08    
-7.1957E+01   4.7310E+00    -3.2228E-01   -4.6154E-08   9.4461E-08    4.0844E-08    
-7.2882E+01   7.0907E+00    3.2228E-01    -7.1064E-08   8.4697E-08    4.0844E-08    
-7.4186E+01   9.2668E+00    9.5850E-01    -9.4135E-08   7.1187E-08    3.9786E-08    
-7.5834E+01   1.1203E+01    1.5699E+00    -1.1477E-07   5.4280E-08    3.7698E-08    
-7.7784E+01   1.2849E+01    2.1406E+00    -1.3243E-07   3.4415E-08    3.4633E-08    
-7.9987E+01   1.4162E+01    2.6559E+00    -1.4666E-07   1.2106E-08    3.0672E-08    
-8.2383E+01   1.5108E+01    3.1024E+00    -1.5709E-07   -1.2069E-08   2.5916E-08    
-8.4913E+01   1.5663E+01    3.4686E+00    -1.6345E-07   -3.7484E-08   2.0489E-08    
-8.7509E+01   1.5813E+01    3.7449E+00    -1.6558E-07   -6.3482E-08   1.4531E-08    
-9.0105E+01   1.5552E+01    3.9242E+00    -1.6342E-07   -8.9387E-08   8.1965E-09    
-9.2633E+01   1.4889E+01    4.0019E+00    -1.5703E-07   -1.1453E-07   1.6500E-09    
-9.5029E+01   1.3841E+01    3.9760E+00    -1.4657E-07   -1.3826E-07   -4.9392E-09   
-9.7229E+01   1.2434E+01    3.8470E+00    -1.3232E-07   -1.5996E-07   -1.1401E-08   
-9.9178E+01   1.0705E+01    3.6185E+00    -1.1464E-07   -1.7907E-07   -1.7567E-08   
-1.0082E+02   8.6984E+00    3.2962E+00    -9.3987E-08   -1.9510E-07   -2.3278E-08   
-1.0213E+02   6.4668E+00    2.8885E+00    -7.0903E-08   -2.0762E-07   -2.8386E-08   
-1.0305E+02   4.0677E+00    2.4061E+00    -4.5982E-08   -2.1632E-07   -3.2759E-08   
-1.0357E+02   1.5632E+00    1.8613E+00    -1.9870E-08   -2.2098E-07   -3.6283E-08   
-1.0367E+02   -9.8173E-01   1.2683E+00    6.7566E-09    -2.2146E-07   -3.8868E-08   
-1.0336E+02   -3.5012E+00   6.4247E-01    3.3208E-08    -2.1775E-07   -4.0446E-08   
-1.0379E+02   -6.3862E+00   0.0000E+00    5.6661E-08    -2.0451E-07   -3.9487E-08   
-1.0269E+02   -8.6684E+00   -6.4286E-01   7.8260E-08    -1.9418E-07   -3.9046E-08   
-1.0124E+02   -1.0757E+01   -1.2714E+00   9.8110E-08    -1.8085E-07   -3.7733E-08   
-9.9494E+01   -1.2605E+01   -1.8714E+00   1.1577E-07    -1.6482E-07   -3.5577E-08   
-9.7475E+01   -1.4172E+01   -2.4297E+00   1.3084E-07    -1.4645E-07   -3.2626E-08   
-9.5234E+01   -1.5422E+01   -2.9338E+00   1.4299E-07    -1.2615E-07   -2.8946E-08   
-9.2820E+01   -1.6327E+01   -3.3722E+00   1.5195E-07    -1.0437E-07   -2.4620E-08   
-9.0287E+01   -1.6868E+01   -3.7354E+00   1.5751E-07    -8.1596E-08   -1.9743E-08   
-8.7691E+01   -1.7032E+01   -4.0151E+00   1.5955E-07    -5.8339E-08   -1.4426E-08   
-8.5092E+01   -1.6816E+01   -4.2051E+00   1.5803E-07    -3.5117E-08   -8.7867E-09   
-8.2546E+01   -1.6224E+01   -4.3012E+00   1.5298E-07    -1.2450E-08   -2.9509E-09   
-8.0110E+01   -1.5269E+01   -4.3012E+00   1.4451E-07    9.1556E-09    2.9509E-09    
-7.7840E+01   -1.3974E+01   -4.2051E+00   1.3281E-07    2.9218E-08    8.7867E-09    
-7.5786E+01   -1.2366E+01   -4.0151E+00   1.1815E-07    4.7288E-08    1.4426E-08    
-7.3993E+01   -1.0482E+01   -3.7354E+00   1.0085E-07    6.2963E-08    1.9743E-08    
-7.2502E+01   -8.3637E+00   -3.3722E+00   8.1291E-08    7.5892E-08    2.4620E-08    
-7.1347E+01   -6.0588E+00   -2.9338E+00   5.9919E-08    8.5787E-08    2.8946E-08    
-7.0551E+01   -3.6185E+00   -2.4297E+00   3.7209E-08    9.2426E-08    3.2626E-08    
-7.0135E+01   -1.0974E+00   -1.8714E+00   1.3668E-08    9.5661E-08    3.5577E-08    
-7.0106E+01   1.4482E+00    -1.2714E+00   -1.0178E-08   9.5421E-08    3.7733E-08    
-7.0466E+01   3.9615E+00    -6.4286E-01   -3.3797E-08   9.1709E-08    3.9046E-08    
-7.1207E+01   6.3862E+00    1.7693E-09    -5.6661E-08   8.4610E-08    3.9487E-08    
-7.2311E+01   8.6684E+00    6.4286E-01    -7.8260E-08   7.4282E-08    3.9046E-08    
-7.3755E+01   1.0757E+01    1.2714E+00    -9.8110E-08   6.0955E-08    3.7733E-08    
-7.5506E+01   1.2605E+01    1.8714E+00    -1.1577E-07   4.4927E-08    3.5577E-08    
-7.7525E+01   1.4172E+01    2.4297E+00    -1.3084E-07   2.6557E-08    3.2626E-08    
-7.9766E+01   1.5422E+01    2.9338E+00    -1.4299E-07   6.2542E-09    2.8946E-08    
-8.2180E+01   1.6327E+01    3.3722E+00    -1.5195E-07   -1.5527E-08   2.4620E-08    
-8.4713E+01   1.6868E+01    3.7354E+00    -1.5751E-07   -3.8301E-08   1.9743E-08    
-8.7309E+01   1.7032E+01    4.0151E+00    -1.5955E-07   -6.1559E-08   1.4426E-08    
-8.9908E+01   1.6816E+01    4.2051E+00    -1.5803E-07   -8.4780E-08   8.7867E-09    
-9.2454E+01   1.6224E+01    4.3012E+00    -1.5298E-07   -1.0745E-07   2.9509E-09    
-9.4890E+01   1.5269E+01    4.3012E+00    -1.4451E-07   -1.2905E-07   -2.9509E-09   
-9.7160E+01   1.3974E+01    4.2051E+00    -1.3281E-07   -1.4912E-07   -8.7867E-09   
-9.9214E+01   1.2366E+01    4.0151E+00    -1.1815E-07   -1.6719E-07   -1.4426E-08   
-1.0101E+02   1.0482E+01    3.7354E+00    -1.0085E-07   -1.8286E-07   -1.9743E-08   
-1.0250E+02   8.3637E+00    3.3722E+00    -8.1291E-08   -1.9579E-07   -2.4620E-08   
-1.0365E+02   6.0588E+00    2.9338E+00    -5.9919E-08   -2.0568E-07   -2.8946E-08   
-1.0445E+02   3.6185E+00    2.4297E+00    -3.7209E-08   -2.1232E-07   -3.2626E-08   
-1.0487E+02   1.0974E+00    1.8714E+00    -1.3668E-08   -2.1556E-07   -3.5577E-08   
-1.0489E+02   -1.4482E+00   1.2714E+00    1.0178E-08    -2.1532E-07   -3.7733E-08   
-1.0453E+02   -3.9615E+00   6.4286E-01    3.3797E-08    -2.1161E-07   -3.9046E-08   
